128 128
83 93
8192
1 2 -1
1 4 317
1 6 -1
1 8 546
1 10 115
1 12 660
1 14 -1
1 16 635
1 18 78
1 20 804
1 22 305
1 24 983
1 26 599
1 28 739
1 30 -1
1 32 836
1 34 28
1 36 -1
1 38 781
1 40 707
1 42 763
1 44 772
1 46 662
1 48 174
1 50 109
1 52 713
1 54 -1
1 56 17
1 58 288
1 60 553
1 62 204
1 64 558
1 66 645
1 68 -1
1 70 141
1 72 157
1 74 375
1 76 -1
1 78 147
1 80 862
1 82 922
1 84 86
1 86 222
1 88 477
1 90 302
1 92 703
1 94 98
1 96 -1
1 98 -1
1 100 649
1 102 593
1 104 -1
1 106 -1
1 108 97
1 110 37
1 112 212
1 114 468
1 116 -1
1 118 390
1 120 245
1 122 508
1 124 742
1 126 246
1 128 151
2 1 955
2 3 127
2 5 410
2 7 906
2 9 -1
2 11 -1
2 13 -1
2 15 567
2 17 813
2 19 841
2 21 203
2 23 22
2 25 596
2 27 -1
2 29 892
2 31 444
2 33 -1
2 35 595
2 37 894
2 39 -1
2 41 -1
2 43 764
2 45 -1
2 47 113
2 49 -1
2 51 559
2 53 337
2 55 820
2 57 355
2 59 529
2 61 511
2 63 366
2 65 368
2 67 302
2 69 -1
2 71 -1
2 73 501
2 75 603
2 77 134
2 79 488
2 81 831
2 83 -1
2 85 741
2 87 667
2 89 -1
2 91 195
2 93 848
2 95 249
2 97 551
2 99 568
2 101 62
2 103 478
2 105 469
2 107 376
2 109 952
2 111 -1
2 113 -1
2 115 -1
2 117 971
2 119 -1
2 121 711
2 123 454
2 125 234
2 127 46
3 2 -1
3 4 647
3 6 625
3 8 62
3 10 -1
3 12 635
3 14 473
3 16 -1
3 18 848
3 20 355
3 22 18
3 24 517
3 26 -1
3 28 304
3 30 661
3 32 -1
3 34 894
3 36 972
3 38 831
3 40 -1
3 42 455
3 44 880
3 46 606
3 48 -1
3 50 430
3 52 529
3 54 198
3 56 336
3 58 381
3 60 906
3 62 156
3 64 -1
3 66 -1
3 68 232
3 70 -1
3 72 555
3 74 555
3 76 33
3 78 105
3 80 60
3 82 130
3 84 843
3 86 713
3 88 999
3 90 454
3 92 327
3 94 -1
3 96 959
3 98 -1
3 100 251
3 102 -1
3 104 788
3 106 914
3 108 708
3 110 35
3 112 246
3 114 -1
3 116 659
3 118 15
3 120 582
3 122 619
3 124 -1
3 126 424
3 128 -1
4 1 82
4 3 310
4 5 798
4 7 -1
4 9 509
4 11 533
4 13 702
4 15 563
4 17 11
4 19 738
4 21 818
4 23 503
4 25 450
4 27 288
4 29 -1
4 31 64
4 33 308
4 35 -1
4 37 970
4 39 -1
4 41 882
4 43 260
4 45 6
4 47 634
4 49 948
4 51 607
4 53 -1
4 55 447
4 57 679
4 59 947
4 61 881
4 63 -1
4 65 -1
4 67 -1
4 69 146
4 71 145
4 73 114
4 75 148
4 77 712
4 79 279
4 81 -1
4 83 913
4 85 92
4 87 623
4 89 147
4 91 180
4 93 721
4 95 8
4 97 711
4 99 438
4 101 718
4 103 -1
4 105 466
4 107 95
4 109 745
4 111 373
4 113 227
4 115 -1
4 117 243
4 119 624
4 121 -1
4 123 770
4 125 338
4 127 359
5 2 305
5 4 -1
5 6 229
5 8 236
5 10 681
5 12 -1
5 14 -1
5 16 538
5 18 -1
5 20 47
5 22 198
5 24 617
5 26 -1
5 28 577
5 30 733
5 32 580
5 34 776
5 36 80
5 38 534
5 40 -1
5 42 762
5 44 54
5 46 523
5 48 -1
5 50 953
5 52 552
5 54 -1
5 56 -1
5 58 325
5 60 973
5 62 572
5 64 971
5 66 635
5 68 377
5 70 779
5 72 -1
5 74 664
5 76 -1
5 78 -1
5 80 -1
5 82 222
5 84 914
5 86 12
5 88 103
5 90 994
5 92 567
5 94 -1
5 96 892
5 98 161
5 100 151
5 102 -1
5 104 53
5 106 -1
5 108 -1
5 110 1
5 112 846
5 114 -1
5 116 622
5 118 928
5 120 856
5 122 821
5 124 99
5 126 67
5 128 -1
6 1 736
6 3 -1
6 5 916
6 7 -1
6 9 67
6 11 411
6 13 742
6 15 301
6 17 488
6 19 292
6 21 767
6 23 825
6 25 88
6 27 397
6 29 271
6 31 227
6 33 786
6 35 828
6 37 878
6 39 314
6 41 -1
6 43 724
6 45 203
6 47 714
6 49 161
6 51 -1
6 53 59
6 55 172
6 57 905
6 59 704
6 61 -1
6 63 974
6 65 350
6 67 -1
6 69 312
6 71 900
6 73 968
6 75 836
6 77 937
6 79 632
6 81 666
6 83 122
6 85 -1
6 87 180
6 89 685
6 91 -1
6 93 295
6 95 762
6 97 443
6 99 -1
6 101 23
6 103 431
6 105 719
6 107 100
6 109 158
6 111 219
6 113 512
6 115 775
6 117 654
6 119 303
6 121 853
6 123 599
6 125 986
6 127 74
7 2 863
7 4 170
7 6 791
7 8 17
7 10 922
7 12 439
7 14 997
7 16 -1
7 18 860
7 20 962
7 22 -1
7 24 -1
7 26 952
7 28 816
7 30 329
7 32 -1
7 34 -1
7 36 202
7 38 611
7 40 -1
7 42 847
7 44 151
7 46 -1
7 48 72
7 50 613
7 52 679
7 54 42
7 56 -1
7 58 -1
7 60 539
7 62 318
7 64 734
7 66 131
7 68 -1
7 70 -1
7 72 811
7 74 139
7 76 -1
7 78 337
7 80 4
7 82 -1
7 84 826
7 86 516
7 88 765
7 90 412
7 92 436
7 94 -1
7 96 974
7 98 479
7 100 367
7 102 297
7 104 -1
7 106 406
7 108 -1
7 110 544
7 112 -1
7 114 233
7 116 432
7 118 517
7 120 333
7 122 399
7 124 578
7 126 903
7 128 87
8 1 338
8 3 245
8 5 85
8 7 -1
8 9 865
8 11 -1
8 13 -1
8 15 226
8 17 521
8 19 685
8 21 438
8 23 722
8 25 440
8 27 -1
8 29 537
8 31 -1
8 33 791
8 35 747
8 37 87
8 39 450
8 41 902
8 43 742
8 45 494
8 47 925
8 49 -1
8 51 -1
8 53 -1
8 55 -1
8 57 2
8 59 543
8 61 911
8 63 -1
8 65 707
8 67 861
8 69 308
8 71 -1
8 73 513
8 75 931
8 77 -1
8 79 184
8 81 28
8 83 167
8 85 227
8 87 428
8 89 314
8 91 25
8 93 405
8 95 737
8 97 279
8 99 256
8 101 -1
8 103 -1
8 105 101
8 107 -1
8 109 798
8 111 741
8 113 -1
8 115 -1
8 117 815
8 119 -1
8 121 492
8 123 817
8 125 995
8 127 -1
9 2 371
9 4 890
9 6 397
9 8 100
9 10 884
9 12 56
9 14 691
9 16 578
9 18 294
9 20 -1
9 22 738
9 24 89
9 26 14
9 28 806
9 30 851
9 32 -1
9 34 336
9 36 972
9 38 696
9 40 205
9 42 262
9 44 737
9 46 -1
9 48 -1
9 50 703
9 52 619
9 54 836
9 56 438
9 58 -1
9 60 272
9 62 -1
9 64 77
9 66 -1
9 68 228
9 70 803
9 72 100
9 74 796
9 76 935
9 78 432
9 80 31
9 82 963
9 84 156
9 86 -1
9 88 856
9 90 378
9 92 585
9 94 564
9 96 328
9 98 -1
9 100 147
9 102 460
9 104 671
9 106 680
9 108 81
9 110 113
9 112 -1
9 114 -1
9 116 965
9 118 657
9 120 783
9 122 327
9 124 166
9 126 387
9 128 -1
10 1 254
10 3 -1
10 5 937
10 7 95
10 9 707
10 11 11
10 13 584
10 15 351
10 17 956
10 19 190
10 21 344
10 23 96
10 25 634
10 27 927
10 29 393
10 31 731
10 33 918
10 35 -1
10 37 207
10 39 897
10 41 453
10 43 317
10 45 949
10 47 893
10 49 67
10 51 186
10 53 -1
10 55 383
10 57 -1
10 59 369
10 61 33
10 63 -1
10 65 345
10 67 -1
10 69 615
10 71 -1
10 73 821
10 75 279
10 77 -1
10 79 -1
10 81 795
10 83 241
10 85 -1
10 87 237
10 89 860
10 91 -1
10 93 489
10 95 448
10 97 -1
10 99 7
10 101 395
10 103 323
10 105 185
10 107 641
10 109 109
10 111 494
10 113 877
10 115 -1
10 117 263
10 119 639
10 121 -1
10 123 964
10 125 739
10 127 -1
11 2 895
11 4 834
11 6 784
11 8 164
11 10 782
11 12 277
11 14 855
11 16 530
11 18 336
11 20 115
11 22 200
11 24 203
11 26 918
11 28 -1
11 30 -1
11 32 907
11 34 910
11 36 908
11 38 570
11 40 555
11 42 -1
11 44 688
11 46 59
11 48 -1
11 50 901
11 52 40
11 54 -1
11 56 154
11 58 304
11 60 263
11 62 449
11 64 647
11 66 -1
11 68 -1
11 70 -1
11 72 489
11 74 -1
11 76 410
11 78 381
11 80 862
11 82 442
11 84 528
11 86 524
11 88 634
11 90 269
11 92 173
11 94 670
11 96 770
11 98 569
11 100 588
11 102 545
11 104 97
11 106 -1
11 108 507
11 110 525
11 112 874
11 114 795
11 116 471
11 118 -1
11 120 987
11 122 780
11 124 514
11 126 530
11 128 442
12 1 653
12 3 67
12 5 -1
12 7 611
12 9 68
12 11 406
12 13 556
12 15 -1
12 17 781
12 19 424
12 21 47
12 23 -1
12 25 33
12 27 76
12 29 52
12 31 168
12 33 -1
12 35 819
12 37 -1
12 39 885
12 41 209
12 43 738
12 45 743
12 47 553
12 49 -1
12 51 182
12 53 352
12 55 707
12 57 770
12 59 782
12 61 78
12 63 63
12 65 292
12 67 332
12 69 886
12 71 346
12 73 129
12 75 804
12 77 934
12 79 -1
12 81 584
12 83 194
12 85 777
12 87 720
12 89 920
12 91 660
12 93 800
12 95 993
12 97 75
12 99 643
12 101 -1
12 103 211
12 105 943
12 107 -1
12 109 98
12 111 358
12 113 459
12 115 172
12 117 306
12 119 802
12 121 179
12 123 451
12 125 651
12 127 -1
13 2 643
13 4 695
13 6 204
13 8 -1
13 10 766
13 12 453
13 14 886
13 16 256
13 18 648
13 20 535
13 22 717
13 24 472
13 26 -1
13 28 -1
13 30 238
13 32 839
13 34 973
13 36 882
13 38 506
13 40 89
13 42 377
13 44 901
13 46 -1
13 48 786
13 50 -1
13 52 28
13 54 335
13 56 -1
13 58 -1
13 60 105
13 62 568
13 64 373
13 66 -1
13 68 211
13 70 719
13 72 -1
13 74 604
13 76 143
13 78 967
13 80 897
13 82 -1
13 84 911
13 86 782
13 88 384
13 90 -1
13 92 298
13 94 -1
13 96 402
13 98 483
13 100 506
13 102 524
13 104 34
13 106 738
13 108 197
13 110 453
13 112 935
13 114 137
13 116 23
13 118 -1
13 120 156
13 122 893
13 124 444
13 126 780
13 128 943
14 1 842
14 3 122
14 5 -1
14 7 190
14 9 838
14 11 528
14 13 895
14 15 274
14 17 -1
14 19 -1
14 21 333
14 23 160
14 25 185
14 27 -1
14 29 554
14 31 923
14 33 893
14 35 950
14 37 289
14 39 918
14 41 -1
14 43 784
14 45 539
14 47 107
14 49 642
14 51 -1
14 53 296
14 55 297
14 57 653
14 59 -1
14 61 742
14 63 414
14 65 -1
14 67 99
14 69 -1
14 71 48
14 73 2
14 75 226
14 77 83
14 79 959
14 81 671
14 83 -1
14 85 664
14 87 721
14 89 642
14 91 987
14 93 507
14 95 739
14 97 611
14 99 578
14 101 236
14 103 -1
14 105 192
14 107 931
14 109 882
14 111 -1
14 113 193
14 115 801
14 117 391
14 119 758
14 121 127
14 123 480
14 125 396
14 127 310
15 2 420
15 4 852
15 6 981
15 8 992
15 10 631
15 12 -1
15 14 400
15 16 33
15 18 -1
15 20 18
15 22 670
15 24 497
15 26 871
15 28 530
15 30 87
15 32 40
15 34 -1
15 36 -1
15 38 668
15 40 808
15 42 701
15 44 89
15 46 786
15 48 82
15 50 492
15 52 67
15 54 -1
15 56 88
15 58 -1
15 60 219
15 62 761
15 64 -1
15 66 199
15 68 232
15 70 141
15 72 614
15 74 850
15 76 807
15 78 -1
15 80 490
15 82 162
15 84 790
15 86 533
15 88 515
15 90 648
15 92 -1
15 94 218
15 96 75
15 98 170
15 100 -1
15 102 753
15 104 187
15 106 -1
15 108 -1
15 110 644
15 112 100
15 114 852
15 116 779
15 118 863
15 120 19
15 122 480
15 124 275
15 126 -1
15 128 588
16 1 700
16 3 14
16 5 639
16 7 974
16 9 247
16 11 -1
16 13 540
16 15 247
16 17 -1
16 19 98
16 21 185
16 23 145
16 25 833
16 27 936
16 29 518
16 31 -1
16 33 458
16 35 139
16 37 476
16 39 461
16 41 333
16 43 -1
16 45 100
16 47 674
16 49 12
16 51 269
16 53 946
16 55 276
16 57 -1
16 59 -1
16 61 686
16 63 -1
16 65 555
16 67 616
16 69 720
16 71 835
16 73 -1
16 75 295
16 77 502
16 79 217
16 81 434
16 83 816
16 85 257
16 87 610
16 89 240
16 91 996
16 93 994
16 95 -1
16 97 522
16 99 305
16 101 -1
16 103 -1
16 105 596
16 107 923
16 109 79
16 111 914
16 113 926
16 115 180
16 117 33
16 119 128
16 121 938
16 123 59
16 125 677
16 127 168
17 2 -1
17 4 689
17 6 261
17 8 597
17 10 125
17 12 263
17 14 -1
17 16 972
17 18 910
17 20 20
17 22 -1
17 24 404
17 26 544
17 28 -1
17 30 577
17 32 879
17 34 192
17 36 -1
17 38 148
17 40 311
17 42 616
17 44 99
17 46 992
17 48 629
17 50 332
17 52 64
17 54 154
17 56 348
17 58 272
17 60 780
17 62 819
17 64 559
17 66 957
17 68 439
17 70 394
17 72 215
17 74 361
17 76 102
17 78 26
17 80 507
17 82 216
17 84 641
17 86 74
17 88 278
17 90 583
17 92 376
17 94 174
17 96 528
17 98 890
17 100 585
17 102 420
17 104 644
17 106 464
17 108 -1
17 110 -1
17 112 179
17 114 549
17 116 263
17 118 115
17 120 -1
17 122 392
17 124 464
17 126 759
17 128 326
18 1 -1
18 3 455
18 5 415
18 7 568
18 9 190
18 11 669
18 13 660
18 15 493
18 17 196
18 19 584
18 21 935
18 23 145
18 25 441
18 27 -1
18 29 592
18 31 -1
18 33 269
18 35 -1
18 37 724
18 39 -1
18 41 115
18 43 895
18 45 802
18 47 -1
18 49 461
18 51 153
18 53 612
18 55 234
18 57 480
18 59 565
18 61 371
18 63 574
18 65 434
18 67 583
18 69 716
18 71 786
18 73 124
18 75 671
18 77 825
18 79 87
18 81 1
18 83 639
18 85 137
18 87 33
18 89 154
18 91 -1
18 93 876
18 95 188
18 97 826
18 99 -1
18 101 -1
18 103 675
18 105 430
18 107 904
18 109 121
18 111 981
18 113 121
18 115 -1
18 117 712
18 119 -1
18 121 848
18 123 406
18 125 -1
18 127 -1
19 2 79
19 4 100
19 6 49
19 8 -1
19 10 -1
19 12 -1
19 14 252
19 16 702
19 18 559
19 20 823
19 22 -1
19 24 880
19 26 807
19 28 -1
19 30 414
19 32 -1
19 34 244
19 36 -1
19 38 228
19 40 517
19 42 225
19 44 488
19 46 711
19 48 774
19 50 667
19 52 17
19 54 -1
19 56 839
19 58 170
19 60 -1
19 62 328
19 64 305
19 66 19
19 68 337
19 70 365
19 72 563
19 74 3
19 76 367
19 78 639
19 80 206
19 82 391
19 84 887
19 86 801
19 88 598
19 90 92
19 92 203
19 94 25
19 96 -1
19 98 395
19 100 848
19 102 150
19 104 394
19 106 118
19 108 749
19 110 -1
19 112 177
19 114 934
19 116 -1
19 118 -1
19 120 326
19 122 390
19 124 -1
19 126 834
19 128 417
20 1 318
20 3 764
20 5 413
20 7 544
20 9 -1
20 11 289
20 13 548
20 15 396
20 17 -1
20 19 573
20 21 276
20 23 468
20 25 169
20 27 189
20 29 927
20 31 737
20 33 274
20 35 322
20 37 765
20 39 705
20 41 648
20 43 949
20 45 -1
20 47 121
20 49 541
20 51 -1
20 53 269
20 55 458
20 57 537
20 59 800
20 61 -1
20 63 78
20 65 157
20 67 725
20 69 94
20 71 679
20 73 -1
20 75 -1
20 77 827
20 79 638
20 81 337
20 83 163
20 85 572
20 87 498
20 89 234
20 91 902
20 93 89
20 95 984
20 97 430
20 99 -1
20 101 -1
20 103 54
20 105 619
20 107 915
20 109 -1
20 111 741
20 113 59
20 115 835
20 117 376
20 119 92
20 121 913
20 123 90
20 125 359
20 127 938
21 2 636
21 4 118
21 6 -1
21 8 271
21 10 480
21 12 265
21 14 732
21 16 486
21 18 745
21 20 65
21 22 425
21 24 356
21 26 -1
21 28 813
21 30 594
21 32 22
21 34 -1
21 36 657
21 38 977
21 40 81
21 42 966
21 44 840
21 46 -1
21 48 -1
21 50 268
21 52 153
21 54 192
21 56 628
21 58 -1
21 60 335
21 62 -1
21 64 147
21 66 33
21 68 638
21 70 880
21 72 252
21 74 431
21 76 806
21 78 -1
21 80 -1
21 82 329
21 84 920
21 86 746
21 88 311
21 90 -1
21 92 290
21 94 -1
21 96 625
21 98 -1
21 100 123
21 102 807
21 104 110
21 106 23
21 108 -1
21 110 230
21 112 360
21 114 933
21 116 32
21 118 911
21 120 -1
21 122 8
21 124 871
21 126 365
21 128 551
22 1 137
22 3 825
22 5 526
22 7 -1
22 9 -1
22 11 705
22 13 390
22 15 357
22 17 -1
22 19 -1
22 21 -1
22 23 399
22 25 471
22 27 429
22 29 668
22 31 902
22 33 518
22 35 865
22 37 198
22 39 393
22 41 796
22 43 562
22 45 432
22 47 523
22 49 46
22 51 903
22 53 307
22 55 915
22 57 313
22 59 512
22 61 496
22 63 998
22 65 826
22 67 580
22 69 485
22 71 -1
22 73 -1
22 75 -1
22 77 95
22 79 130
22 81 935
22 83 181
22 85 548
22 87 41
22 89 587
22 91 865
22 93 32
22 95 128
22 97 -1
22 99 492
22 101 760
22 103 -1
22 105 244
22 107 881
22 109 445
22 111 639
22 113 462
22 115 219
22 117 307
22 119 666
22 121 670
22 123 219
22 125 -1
22 127 603
23 2 363
23 4 330
23 6 371
23 8 277
23 10 684
23 12 597
23 14 -1
23 16 924
23 18 745
23 20 472
23 22 731
23 24 785
23 26 828
23 28 1000
23 30 339
23 32 649
23 34 -1
23 36 398
23 38 803
23 40 -1
23 42 79
23 44 577
23 46 433
23 48 624
23 50 -1
23 52 720
23 54 506
23 56 527
23 58 172
23 60 -1
23 62 625
23 64 -1
23 66 316
23 68 861
23 70 809
23 72 891
23 74 26
23 76 42
23 78 361
23 80 942
23 82 -1
23 84 2
23 86 541
23 88 89
23 90 972
23 92 98
23 94 890
23 96 222
23 98 390
23 100 610
23 102 241
23 104 422
23 106 -1
23 108 -1
23 110 244
23 112 918
23 114 47
23 116 910
23 118 699
23 120 845
23 122 -1
23 124 -1
23 126 215
23 128 764
24 1 252
24 3 853
24 5 417
24 7 172
24 9 32
24 11 860
24 13 151
24 15 -1
24 17 -1
24 19 544
24 21 535
24 23 825
24 25 607
24 27 372
24 29 -1
24 31 938
24 33 952
24 35 -1
24 37 936
24 39 -1
24 41 705
24 43 280
24 45 442
24 47 572
24 49 375
24 51 96
24 53 922
24 55 680
24 57 50
24 59 334
24 61 636
24 63 610
24 65 180
24 67 318
24 69 -1
24 71 -1
24 73 52
24 75 676
24 77 617
24 79 908
24 81 185
24 83 215
24 85 428
24 87 858
24 89 -1
24 91 907
24 93 900
24 95 359
24 97 -1
24 99 -1
24 101 -1
24 103 203
24 105 394
24 107 219
24 109 307
24 111 -1
24 113 924
24 115 738
24 117 -1
24 119 724
24 121 180
24 123 -1
24 125 37
24 127 -1
25 2 295
25 4 630
25 6 -1
25 8 549
25 10 677
25 12 468
25 14 744
25 16 200
25 18 881
25 20 370
25 22 -1
25 24 460
25 26 -1
25 28 183
25 30 -1
25 32 685
25 34 570
25 36 895
25 38 328
25 40 192
25 42 425
25 44 749
25 46 -1
25 48 730
25 50 498
25 52 409
25 54 726
25 56 -1
25 58 181
25 60 505
25 62 123
25 64 -1
25 66 807
25 68 991
25 70 211
25 72 483
25 74 750
25 76 511
25 78 304
25 80 185
25 82 802
25 84 17
25 86 -1
25 88 742
25 90 298
25 92 280
25 94 810
25 96 -1
25 98 -1
25 100 913
25 102 -1
25 104 716
25 106 -1
25 108 -1
25 110 565
25 112 105
25 114 140
25 116 63
25 118 497
25 120 359
25 122 777
25 124 255
25 126 772
25 128 -1
26 1 926
26 3 -1
26 5 231
26 7 764
26 9 195
26 11 682
26 13 733
26 15 259
26 17 377
26 19 949
26 21 -1
26 23 -1
26 25 655
26 27 959
26 29 259
26 31 898
26 33 446
26 35 -1
26 37 487
26 39 889
26 41 315
26 43 657
26 45 773
26 47 878
26 49 943
26 51 98
26 53 367
26 55 119
26 57 191
26 59 122
26 61 865
26 63 871
26 65 835
26 67 905
26 69 417
26 71 783
26 73 885
26 75 229
26 77 123
26 79 730
26 81 875
26 83 110
26 85 716
26 87 404
26 89 187
26 91 -1
26 93 52
26 95 748
26 97 749
26 99 906
26 101 734
26 103 205
26 105 935
26 107 45
26 109 118
26 111 25
26 113 729
26 115 996
26 117 271
26 119 725
26 121 115
26 123 53
26 125 867
26 127 519
27 2 118
27 4 389
27 6 475
27 8 668
27 10 -1
27 12 64
27 14 57
27 16 -1
27 18 943
27 20 987
27 22 670
27 24 -1
27 26 394
27 28 980
27 30 836
27 32 213
27 34 367
27 36 753
27 38 569
27 40 616
27 42 975
27 44 452
27 46 432
27 48 -1
27 50 863
27 52 656
27 54 740
27 56 -1
27 58 957
27 60 888
27 62 -1
27 64 723
27 66 334
27 68 854
27 70 -1
27 72 643
27 74 770
27 76 298
27 78 987
27 80 134
27 82 609
27 84 632
27 86 800
27 88 501
27 90 288
27 92 899
27 94 96
27 96 249
27 98 353
27 100 84
27 102 774
27 104 2
27 106 689
27 108 991
27 110 399
27 112 444
27 114 267
27 116 -1
27 118 66
27 120 621
27 122 545
27 124 793
27 126 525
27 128 319
28 1 164
28 3 543
28 5 755
28 7 381
28 9 -1
28 11 -1
28 13 991
28 15 430
28 17 130
28 19 733
28 21 908
28 23 813
28 25 44
28 27 958
28 29 -1
28 31 834
28 33 -1
28 35 941
28 37 431
28 39 189
28 41 456
28 43 185
28 45 304
28 47 803
28 49 993
28 51 521
28 53 840
28 55 227
28 57 -1
28 59 270
28 61 617
28 63 -1
28 65 451
28 67 -1
28 69 743
28 71 75
28 73 452
28 75 386
28 77 -1
28 79 502
28 81 674
28 83 113
28 85 940
28 87 447
28 89 413
28 91 -1
28 93 72
28 95 848
28 97 750
28 99 -1
28 101 204
28 103 585
28 105 113
28 107 567
28 109 900
28 111 222
28 113 -1
28 115 -1
28 117 408
28 119 265
28 121 768
28 123 479
28 125 -1
28 127 262
29 2 382
29 4 644
29 6 504
29 8 -1
29 10 190
29 12 801
29 14 584
29 16 377
29 18 362
29 20 587
29 22 845
29 24 815
29 26 694
29 28 -1
29 30 172
29 32 260
29 34 69
29 36 -1
29 38 64
29 40 100
29 42 513
29 44 971
29 46 944
29 48 736
29 50 -1
29 52 97
29 54 327
29 56 -1
29 58 -1
29 60 647
29 62 718
29 64 -1
29 66 889
29 68 709
29 70 467
29 72 622
29 74 175
29 76 79
29 78 362
29 80 705
29 82 955
29 84 977
29 86 889
29 88 373
29 90 63
29 92 15
29 94 115
29 96 437
29 98 642
29 100 732
29 102 -1
29 104 353
29 106 372
29 108 421
29 110 435
29 112 467
29 114 775
29 116 420
29 118 146
29 120 -1
29 122 -1
29 124 -1
29 126 943
29 128 770
30 1 828
30 3 764
30 5 703
30 7 -1
30 9 548
30 11 270
30 13 273
30 15 33
30 17 510
30 19 151
30 21 108
30 23 457
30 25 290
30 27 471
30 29 296
30 31 841
30 33 178
30 35 468
30 37 102
30 39 278
30 41 -1
30 43 899
30 45 435
30 47 303
30 49 449
30 51 996
30 53 260
30 55 894
30 57 558
30 59 336
30 61 -1
30 63 38
30 65 247
30 67 572
30 69 565
30 71 29
30 73 -1
30 75 191
30 77 -1
30 79 -1
30 81 679
30 83 119
30 85 749
30 87 564
30 89 735
30 91 577
30 93 -1
30 95 912
30 97 -1
30 99 950
30 101 -1
30 103 517
30 105 613
30 107 394
30 109 627
30 111 831
30 113 713
30 115 749
30 117 926
30 119 410
30 121 143
30 123 -1
30 125 304
30 127 121
31 2 -1
31 4 -1
31 6 660
31 8 542
31 10 779
31 12 171
31 14 -1
31 16 812
31 18 721
31 20 259
31 22 449
31 24 93
31 26 586
31 28 117
31 30 975
31 32 -1
31 34 -1
31 36 65
31 38 634
31 40 104
31 42 702
31 44 -1
31 46 964
31 48 -1
31 50 266
31 52 129
31 54 285
31 56 122
31 58 -1
31 60 567
31 62 330
31 64 927
31 66 395
31 68 792
31 70 288
31 72 404
31 74 988
31 76 -1
31 78 649
31 80 113
31 82 615
31 84 124
31 86 420
31 88 129
31 90 846
31 92 108
31 94 202
31 96 935
31 98 625
31 100 402
31 102 -1
31 104 285
31 106 893
31 108 448
31 110 273
31 112 507
31 114 90
31 116 581
31 118 657
31 120 -1
31 122 550
31 124 -1
31 126 9
31 128 387
32 1 831
32 3 512
32 5 750
32 7 785
32 9 56
32 11 10
32 13 71
32 15 978
32 17 738
32 19 814
32 21 -1
32 23 822
32 25 562
32 27 251
32 29 379
32 31 485
32 33 -1
32 35 833
32 37 318
32 39 386
32 41 967
32 43 -1
32 45 328
32 47 553
32 49 625
32 51 51
32 53 295
32 55 292
32 57 82
32 59 -1
32 61 684
32 63 570
32 65 436
32 67 161
32 69 667
32 71 -1
32 73 404
32 75 -1
32 77 -1
32 79 412
32 81 844
32 83 807
32 85 445
32 87 862
32 89 929
32 91 -1
32 93 362
32 95 750
32 97 -1
32 99 319
32 101 448
32 103 740
32 105 523
32 107 619
32 109 851
32 111 475
32 113 -1
32 115 318
32 117 -1
32 119 137
32 121 351
32 123 817
32 125 502
32 127 344
33 2 478
33 4 224
33 6 319
33 8 357
33 10 442
33 12 -1
33 14 61
33 16 828
33 18 983
33 20 -1
33 22 300
33 24 -1
33 26 788
33 28 376
33 30 913
33 32 639
33 34 701
33 36 469
33 38 777
33 40 111
33 42 325
33 44 242
33 46 498
33 48 64
33 50 -1
33 52 398
33 54 -1
33 56 -1
33 58 137
33 60 485
33 62 136
33 64 144
33 66 260
33 68 546
33 70 -1
33 72 690
33 74 -1
33 76 800
33 78 600
33 80 982
33 82 -1
33 84 635
33 86 495
33 88 967
33 90 571
33 92 397
33 94 853
33 96 817
33 98 -1
33 100 662
33 102 259
33 104 249
33 106 896
33 108 -1
33 110 -1
33 112 225
33 114 -1
33 116 -1
33 118 -1
33 120 -1
33 122 192
33 124 -1
33 126 380
33 128 -1
34 1 302
34 3 742
34 5 54
34 7 800
34 9 196
34 11 315
34 13 19
34 15 20
34 17 400
34 19 313
34 21 597
34 23 534
34 25 974
34 27 59
34 29 809
34 31 -1
34 33 110
34 35 145
34 37 148
34 39 893
34 41 -1
34 43 353
34 45 866
34 47 608
34 49 637
34 51 745
34 53 686
34 55 35
34 57 237
34 59 648
34 61 714
34 63 188
34 65 565
34 67 261
34 69 781
34 71 902
34 73 -1
34 75 606
34 77 -1
34 79 -1
34 81 811
34 83 966
34 85 -1
34 87 618
34 89 485
34 91 425
34 93 -1
34 95 424
34 97 726
34 99 907
34 101 795
34 103 -1
34 105 -1
34 107 320
34 109 705
34 111 173
34 113 -1
34 115 631
34 117 -1
34 119 -1
34 121 604
34 123 766
34 125 569
34 127 226
35 2 323
35 4 768
35 6 314
35 8 948
35 10 793
35 12 -1
35 14 -1
35 16 158
35 18 301
35 20 473
35 22 317
35 24 249
35 26 429
35 28 875
35 30 778
35 32 795
35 34 -1
35 36 469
35 38 260
35 40 905
35 42 809
35 44 401
35 46 429
35 48 805
35 50 649
35 52 -1
35 54 611
35 56 7
35 58 -1
35 60 435
35 62 847
35 64 544
35 66 775
35 68 781
35 70 489
35 72 105
35 74 297
35 76 860
35 78 912
35 80 45
35 82 720
35 84 507
35 86 303
35 88 278
35 90 939
35 92 280
35 94 44
35 96 426
35 98 721
35 100 765
35 102 598
35 104 -1
35 106 894
35 108 868
35 110 44
35 112 339
35 114 226
35 116 -1
35 118 849
35 120 288
35 122 551
35 124 543
35 126 -1
35 128 938
36 1 139
36 3 -1
36 5 345
36 7 990
36 9 444
36 11 187
36 13 514
36 15 324
36 17 170
36 19 950
36 21 755
36 23 590
36 25 629
36 27 620
36 29 673
36 31 460
36 33 472
36 35 107
36 37 -1
36 39 96
36 41 -1
36 43 94
36 45 217
36 47 479
36 49 684
36 51 325
36 53 552
36 55 783
36 57 826
36 59 632
36 61 933
36 63 130
36 65 334
36 67 311
36 69 769
36 71 887
36 73 93
36 75 228
36 77 644
36 79 848
36 81 -1
36 83 525
36 85 609
36 87 742
36 89 -1
36 91 504
36 93 929
36 95 37
36 97 181
36 99 364
36 101 161
36 103 -1
36 105 -1
36 107 65
36 109 84
36 111 400
36 113 -1
36 115 600
36 117 -1
36 119 -1
36 121 11
36 123 783
36 125 821
36 127 960
37 2 547
37 4 -1
37 6 -1
37 8 928
37 10 672
37 12 -1
37 14 156
37 16 -1
37 18 220
37 20 10
37 22 963
37 24 566
37 26 788
37 28 741
37 30 747
37 32 254
37 34 141
37 36 -1
37 38 -1
37 40 -1
37 42 469
37 44 -1
37 46 483
37 48 712
37 50 175
37 52 936
37 54 43
37 56 610
37 58 32
37 60 -1
37 62 819
37 64 -1
37 66 321
37 68 886
37 70 571
37 72 490
37 74 418
37 76 214
37 78 391
37 80 784
37 82 706
37 84 934
37 86 56
37 88 938
37 90 37
37 92 191
37 94 -1
37 96 744
37 98 460
37 100 908
37 102 -1
37 104 -1
37 106 -1
37 108 64
37 110 378
37 112 172
37 114 678
37 116 222
37 118 -1
37 120 507
37 122 24
37 124 -1
37 126 688
37 128 987
38 1 882
38 3 325
38 5 -1
38 7 721
38 9 26
38 11 -1
38 13 -1
38 15 454
38 17 629
38 19 378
38 21 112
38 23 970
38 25 653
38 27 574
38 29 13
38 31 -1
38 33 235
38 35 296
38 37 55
38 39 19
38 41 -1
38 43 182
38 45 -1
38 47 982
38 49 888
38 51 601
38 53 918
38 55 786
38 57 670
38 59 -1
38 61 -1
38 63 -1
38 65 281
38 67 -1
38 69 347
38 71 76
38 73 211
38 75 261
38 77 473
38 79 -1
38 81 842
38 83 96
38 85 273
38 87 413
38 89 552
38 91 732
38 93 782
38 95 758
38 97 623
38 99 787
38 101 736
38 103 198
38 105 -1
38 107 327
38 109 321
38 111 294
38 113 993
38 115 -1
38 117 805
38 119 165
38 121 -1
38 123 68
38 125 -1
38 127 573
39 2 -1
39 4 330
39 6 317
39 8 527
39 10 159
39 12 636
39 14 500
39 16 229
39 18 465
39 20 -1
39 22 457
39 24 -1
39 26 614
39 28 4
39 30 808
39 32 864
39 34 644
39 36 -1
39 38 325
39 40 503
39 42 -1
39 44 293
39 46 58
39 48 794
39 50 -1
39 52 22
39 54 410
39 56 38
39 58 -1
39 60 -1
39 62 831
39 64 881
39 66 516
39 68 581
39 70 947
39 72 489
39 74 678
39 76 19
39 78 987
39 80 -1
39 82 266
39 84 293
39 86 443
39 88 620
39 90 762
39 92 191
39 94 20
39 96 519
39 98 -1
39 100 -1
39 102 316
39 104 -1
39 106 -1
39 108 558
39 110 604
39 112 763
39 114 -1
39 116 39
39 118 856
39 120 311
39 122 255
39 124 389
39 126 148
39 128 486
40 1 949
40 3 656
40 5 -1
40 7 830
40 9 866
40 11 926
40 13 694
40 15 26
40 17 164
40 19 847
40 21 824
40 23 493
40 25 -1
40 27 -1
40 29 982
40 31 674
40 33 45
40 35 859
40 37 818
40 39 -1
40 41 648
40 43 794
40 45 -1
40 47 568
40 49 699
40 51 451
40 53 913
40 55 -1
40 57 736
40 59 535
40 61 571
40 63 661
40 65 -1
40 67 571
40 69 -1
40 71 429
40 73 418
40 75 587
40 77 -1
40 79 380
40 81 -1
40 83 299
40 85 379
40 87 458
40 89 155
40 91 -1
40 93 242
40 95 873
40 97 -1
40 99 -1
40 101 -1
40 103 169
40 105 153
40 107 674
40 109 705
40 111 903
40 113 507
40 115 22
40 117 798
40 119 232
40 121 -1
40 123 41
40 125 69
40 127 456
41 2 614
41 4 232
41 6 317
41 8 -1
41 10 391
41 12 515
41 14 250
41 16 507
41 18 214
41 20 269
41 22 589
41 24 555
41 26 593
41 28 212
41 30 537
41 32 871
41 34 324
41 36 -1
41 38 -1
41 40 866
41 42 -1
41 44 256
41 46 957
41 48 864
41 50 530
41 52 92
41 54 636
41 56 482
41 58 233
41 60 998
41 62 865
41 64 589
41 66 931
41 68 249
41 70 569
41 72 346
41 74 -1
41 76 953
41 78 974
41 80 345
41 82 505
41 84 296
41 86 700
41 88 232
41 90 -1
41 92 885
41 94 258
41 96 162
41 98 674
41 100 985
41 102 276
41 104 498
41 106 772
41 108 925
41 110 840
41 112 598
41 114 -1
41 116 661
41 118 155
41 120 311
41 122 816
41 124 271
41 126 773
41 128 431
42 1 396
42 3 955
42 5 502
42 7 519
42 9 984
42 11 102
42 13 224
42 15 537
42 17 759
42 19 604
42 21 261
42 23 -1
42 25 77
42 27 273
42 29 -1
42 31 995
42 33 229
42 35 2
42 37 60
42 39 747
42 41 -1
42 43 82
42 45 -1
42 47 -1
42 49 539
42 51 558
42 53 245
42 55 -1
42 57 862
42 59 26
42 61 443
42 63 137
42 65 418
42 67 916
42 69 521
42 71 -1
42 73 933
42 75 278
42 77 155
42 79 177
42 81 380
42 83 -1
42 85 937
42 87 371
42 89 631
42 91 761
42 93 -1
42 95 204
42 97 232
42 99 584
42 101 258
42 103 587
42 105 -1
42 107 519
42 109 38
42 111 508
42 113 -1
42 115 148
42 117 328
42 119 416
42 121 644
42 123 532
42 125 218
42 127 -1
43 2 -1
43 4 706
43 6 468
43 8 -1
43 10 -1
43 12 870
43 14 -1
43 16 982
43 18 308
43 20 807
43 22 768
43 24 -1
43 26 247
43 28 236
43 30 648
43 32 471
43 34 -1
43 36 40
43 38 428
43 40 424
43 42 632
43 44 952
43 46 287
43 48 -1
43 50 268
43 52 -1
43 54 639
43 56 489
43 58 808
43 60 4
43 62 38
43 64 554
43 66 -1
43 68 -1
43 70 374
43 72 803
43 74 395
43 76 838
43 78 643
43 80 85
43 82 649
43 84 -1
43 86 231
43 88 891
43 90 261
43 92 779
43 94 4
43 96 -1
43 98 20
43 100 369
43 102 -1
43 104 95
43 106 475
43 108 483
43 110 437
43 112 47
43 114 -1
43 116 327
43 118 747
43 120 808
43 122 -1
43 124 778
43 126 116
43 128 194
44 1 944
44 3 842
44 5 -1
44 7 52
44 9 813
44 11 383
44 13 974
44 15 201
44 17 481
44 19 -1
44 21 -1
44 23 707
44 25 737
44 27 449
44 29 -1
44 31 931
44 33 903
44 35 493
44 37 123
44 39 729
44 41 -1
44 43 637
44 45 878
44 47 65
44 49 454
44 51 388
44 53 746
44 55 445
44 57 150
44 59 317
44 61 -1
44 63 312
44 65 111
44 67 356
44 69 411
44 71 938
44 73 671
44 75 -1
44 77 324
44 79 147
44 81 755
44 83 357
44 85 886
44 87 65
44 89 906
44 91 567
44 93 163
44 95 885
44 97 766
44 99 750
44 101 860
44 103 658
44 105 953
44 107 126
44 109 -1
44 111 -1
44 113 368
44 115 223
44 117 -1
44 119 461
44 121 899
44 123 82
44 125 -1
44 127 656
45 2 716
45 4 371
45 6 342
45 8 -1
45 10 201
45 12 210
45 14 355
45 16 28
45 18 128
45 20 702
45 22 874
45 24 303
45 26 305
45 28 -1
45 30 739
45 32 888
45 34 -1
45 36 603
45 38 364
45 40 330
45 42 987
45 44 -1
45 46 -1
45 48 -1
45 50 944
45 52 813
45 54 568
45 56 -1
45 58 389
45 60 107
45 62 669
45 64 244
45 66 501
45 68 736
45 70 -1
45 72 -1
45 74 883
45 76 477
45 78 153
45 80 446
45 82 363
45 84 37
45 86 43
45 88 722
45 90 644
45 92 841
45 94 801
45 96 512
45 98 709
45 100 6
45 102 610
45 104 837
45 106 927
45 108 56
45 110 128
45 112 821
45 114 731
45 116 292
45 118 -1
45 120 365
45 122 165
45 124 822
45 126 627
45 128 129
46 1 742
46 3 379
46 5 -1
46 7 988
46 9 946
46 11 38
46 13 345
46 15 206
46 17 6
46 19 -1
46 21 649
46 23 598
46 25 42
46 27 488
46 29 379
46 31 -1
46 33 860
46 35 638
46 37 865
46 39 158
46 41 603
46 43 822
46 45 -1
46 47 -1
46 49 509
46 51 35
46 53 -1
46 55 759
46 57 713
46 59 880
46 61 470
46 63 320
46 65 184
46 67 412
46 69 -1
46 71 115
46 73 -1
46 75 625
46 77 684
46 79 263
46 81 887
46 83 185
46 85 815
46 87 552
46 89 917
46 91 -1
46 93 149
46 95 455
46 97 40
46 99 51
46 101 418
46 103 -1
46 105 884
46 107 -1
46 109 508
46 111 926
46 113 718
46 115 474
46 117 -1
46 119 725
46 121 -1
46 123 276
46 125 808
46 127 925
47 2 963
47 4 -1
47 6 2
47 8 225
47 10 506
47 12 120
47 14 -1
47 16 362
47 18 -1
47 20 288
47 22 834
47 24 13
47 26 730
47 28 699
47 30 716
47 32 76
47 34 268
47 36 568
47 38 558
47 40 735
47 42 231
47 44 781
47 46 333
47 48 712
47 50 206
47 52 473
47 54 -1
47 56 -1
47 58 -1
47 60 320
47 62 773
47 64 640
47 66 16
47 68 -1
47 70 399
47 72 -1
47 74 308
47 76 466
47 78 18
47 80 221
47 82 390
47 84 80
47 86 220
47 88 795
47 90 21
47 92 -1
47 94 692
47 96 162
47 98 546
47 100 647
47 102 -1
47 104 397
47 106 -1
47 108 -1
47 110 796
47 112 144
47 114 265
47 116 181
47 118 378
47 120 681
47 122 394
47 124 912
47 126 810
47 128 457
48 1 110
48 3 -1
48 5 738
48 7 107
48 9 482
48 11 -1
48 13 185
48 15 -1
48 17 680
48 19 312
48 21 -1
48 23 670
48 25 572
48 27 74
48 29 528
48 31 82
48 33 934
48 35 405
48 37 626
48 39 132
48 41 -1
48 43 879
48 45 943
48 47 730
48 49 -1
48 51 409
48 53 78
48 55 241
48 57 929
48 59 -1
48 61 2
48 63 976
48 65 211
48 67 -1
48 69 101
48 71 666
48 73 437
48 75 437
48 77 -1
48 79 982
48 81 394
48 83 764
48 85 119
48 87 237
48 89 341
48 91 203
48 93 135
48 95 986
48 97 -1
48 99 -1
48 101 126
48 103 648
48 105 832
48 107 630
48 109 162
48 111 655
48 113 452
48 115 205
48 117 559
48 119 -1
48 121 -1
48 123 949
48 125 834
48 127 -1
49 2 -1
49 4 59
49 6 430
49 8 397
49 10 118
49 12 -1
49 14 -1
49 16 120
49 18 281
49 20 974
49 22 775
49 24 -1
49 26 -1
49 28 -1
49 30 244
49 32 -1
49 34 742
49 36 371
49 38 -1
49 40 235
49 42 867
49 44 325
49 46 832
49 48 -1
49 50 227
49 52 941
49 54 411
49 56 979
49 58 507
49 60 -1
49 62 192
49 64 -1
49 66 787
49 68 -1
49 70 528
49 72 588
49 74 202
49 76 -1
49 78 68
49 80 323
49 82 -1
49 84 -1
49 86 526
49 88 236
49 90 660
49 92 -1
49 94 990
49 96 544
49 98 -1
49 100 87
49 102 -1
49 104 225
49 106 613
49 108 363
49 110 207
49 112 -1
49 114 204
49 116 278
49 118 221
49 120 783
49 122 -1
49 124 -1
49 126 -1
49 128 42
50 1 952
50 3 -1
50 5 -1
50 7 125
50 9 933
50 11 329
50 13 -1
50 15 293
50 17 336
50 19 467
50 21 866
50 23 586
50 25 900
50 27 212
50 29 -1
50 31 243
50 33 819
50 35 714
50 37 315
50 39 969
50 41 691
50 43 91
50 45 762
50 47 312
50 49 751
50 51 840
50 53 373
50 55 587
50 57 464
50 59 -1
50 61 -1
50 63 649
50 65 549
50 67 956
50 69 940
50 71 722
50 73 60
50 75 161
50 77 783
50 79 918
50 81 295
50 83 953
50 85 22
50 87 50
50 89 543
50 91 -1
50 93 -1
50 95 363
50 97 997
50 99 523
50 101 228
50 103 926
50 105 370
50 107 713
50 109 192
50 111 155
50 113 292
50 115 -1
50 117 596
50 119 150
50 121 -1
50 123 110
50 125 552
50 127 139
51 2 518
51 4 880
51 6 792
51 8 853
51 10 -1
51 12 -1
51 14 406
51 16 103
51 18 -1
51 20 609
51 22 -1
51 24 409
51 26 207
51 28 -1
51 30 830
51 32 501
51 34 -1
51 36 -1
51 38 -1
51 40 -1
51 42 183
51 44 781
51 46 117
51 48 426
51 50 296
51 52 591
51 54 454
51 56 -1
51 58 63
51 60 -1
51 62 471
51 64 608
51 66 229
51 68 601
51 70 433
51 72 -1
51 74 919
51 76 928
51 78 918
51 80 -1
51 82 157
51 84 545
51 86 629
51 88 925
51 90 377
51 92 145
51 94 -1
51 96 967
51 98 21
51 100 94
51 102 83
51 104 242
51 106 567
51 108 807
51 110 404
51 112 -1
51 114 764
51 116 975
51 118 389
51 120 794
51 122 38
51 124 676
51 126 -1
51 128 88
52 1 711
52 3 -1
52 5 804
52 7 -1
52 9 977
52 11 87
52 13 23
52 15 388
52 17 -1
52 19 85
52 21 553
52 23 200
52 25 -1
52 27 -1
52 29 605
52 31 515
52 33 937
52 35 -1
52 37 436
52 39 179
52 41 578
52 43 539
52 45 310
52 47 801
52 49 870
52 51 109
52 53 625
52 55 -1
52 57 36
52 59 388
52 61 546
52 63 157
52 65 624
52 67 771
52 69 881
52 71 873
52 73 475
52 75 540
52 77 981
52 79 533
52 81 738
52 83 125
52 85 698
52 87 375
52 89 326
52 91 839
52 93 105
52 95 282
52 97 440
52 99 774
52 101 949
52 103 673
52 105 22
52 107 155
52 109 81
52 111 370
52 113 760
52 115 98
52 117 619
52 119 894
52 121 585
52 123 519
52 125 78
52 127 -1
53 2 517
53 4 246
53 6 -1
53 8 596
53 10 -1
53 12 970
53 14 730
53 16 505
53 18 693
53 20 881
53 22 419
53 24 157
53 26 934
53 28 178
53 30 972
53 32 95
53 34 691
53 36 -1
53 38 288
53 40 128
53 42 11
53 44 853
53 46 785
53 48 939
53 50 572
53 52 433
53 54 31
53 56 267
53 58 759
53 60 802
53 62 394
53 64 222
53 66 -1
53 68 184
53 70 701
53 72 972
53 74 696
53 76 788
53 78 810
53 80 -1
53 82 363
53 84 -1
53 86 147
53 88 -1
53 90 972
53 92 37
53 94 685
53 96 -1
53 98 430
53 100 431
53 102 974
53 104 790
53 106 300
53 108 610
53 110 -1
53 112 -1
53 114 -1
53 116 596
53 118 -1
53 120 958
53 122 927
53 124 2
53 126 428
53 128 377
54 1 651
54 3 -1
54 5 -1
54 7 127
54 9 379
54 11 -1
54 13 -1
54 15 126
54 17 -1
54 19 88
54 21 715
54 23 588
54 25 -1
54 27 836
54 29 906
54 31 428
54 33 102
54 35 873
54 37 717
54 39 43
54 41 308
54 43 936
54 45 973
54 47 853
54 49 815
54 51 537
54 53 199
54 55 866
54 57 977
54 59 -1
54 61 234
54 63 -1
54 65 492
54 67 -1
54 69 -1
54 71 96
54 73 591
54 75 320
54 77 363
54 79 583
54 81 -1
54 83 -1
54 85 137
54 87 272
54 89 747
54 91 -1
54 93 -1
54 95 683
54 97 664
54 99 -1
54 101 182
54 103 450
54 105 -1
54 107 -1
54 109 896
54 111 756
54 113 496
54 115 452
54 117 588
54 119 757
54 121 627
54 123 -1
54 125 651
54 127 820
55 2 936
55 4 477
55 6 719
55 8 132
55 10 236
55 12 486
55 14 179
55 16 -1
55 18 268
55 20 512
55 22 610
55 24 209
55 26 825
55 28 295
55 30 838
55 32 346
55 34 905
55 36 714
55 38 -1
55 40 500
55 42 112
55 44 622
55 46 840
55 48 610
55 50 771
55 52 858
55 54 -1
55 56 309
55 58 444
55 60 237
55 62 659
55 64 355
55 66 310
55 68 556
55 70 467
55 72 -1
55 74 -1
55 76 288
55 78 131
55 80 153
55 82 845
55 84 53
55 86 -1
55 88 -1
55 90 40
55 92 295
55 94 853
55 96 572
55 98 604
55 100 219
55 102 538
55 104 -1
55 106 356
55 108 -1
55 110 864
55 112 -1
55 114 994
55 116 35
55 118 670
55 120 32
55 122 945
55 124 -1
55 126 664
55 128 858
56 1 -1
56 3 429
56 5 409
56 7 301
56 9 596
56 11 18
56 13 -1
56 15 235
56 17 966
56 19 512
56 21 152
56 23 109
56 25 170
56 27 -1
56 29 -1
56 31 466
56 33 369
56 35 216
56 37 456
56 39 230
56 41 -1
56 43 256
56 45 376
56 47 412
56 49 859
56 51 -1
56 53 976
56 55 -1
56 57 480
56 59 968
56 61 750
56 63 552
56 65 229
56 67 -1
56 69 255
56 71 88
56 73 763
56 75 -1
56 77 713
56 79 685
56 81 549
56 83 544
56 85 26
56 87 735
56 89 472
56 91 -1
56 93 -1
56 95 433
56 97 -1
56 99 336
56 101 782
56 103 312
56 105 -1
56 107 752
56 109 518
56 111 673
56 113 -1
56 115 357
56 117 245
56 119 565
56 121 830
56 123 89
56 125 -1
56 127 654
57 2 495
57 4 544
57 6 125
57 8 -1
57 10 63
57 12 570
57 14 355
57 16 983
57 18 340
57 20 471
57 22 -1
57 24 67
57 26 854
57 28 682
57 30 -1
57 32 329
57 34 516
57 36 580
57 38 268
57 40 430
57 42 161
57 44 -1
57 46 83
57 48 166
57 50 -1
57 52 941
57 54 -1
57 56 763
57 58 144
57 60 693
57 62 603
57 64 82
57 66 54
57 68 979
57 70 98
57 72 46
57 74 -1
57 76 254
57 78 204
57 80 23
57 82 582
57 84 154
57 86 917
57 88 637
57 90 856
57 92 -1
57 94 205
57 96 175
57 98 235
57 100 804
57 102 7
57 104 201
57 106 681
57 108 657
57 110 -1
57 112 -1
57 114 -1
57 116 979
57 118 768
57 120 528
57 122 -1
57 124 -1
57 126 792
57 128 685
58 1 256
58 3 120
58 5 395
58 7 -1
58 9 312
58 11 597
58 13 109
58 15 424
58 17 899
58 19 838
58 21 -1
58 23 844
58 25 704
58 27 696
58 29 239
58 31 247
58 33 784
58 35 83
58 37 394
58 39 954
58 41 -1
58 43 11
58 45 651
58 47 316
58 49 237
58 51 668
58 53 459
58 55 918
58 57 -1
58 59 641
58 61 -1
58 63 231
58 65 89
58 67 494
58 69 941
58 71 -1
58 73 121
58 75 777
58 77 -1
58 79 463
58 81 -1
58 83 130
58 85 771
58 87 60
58 89 153
58 91 466
58 93 595
58 95 495
58 97 688
58 99 525
58 101 697
58 103 -1
58 105 797
58 107 -1
58 109 202
58 111 -1
58 113 617
58 115 185
58 117 223
58 119 -1
58 121 917
58 123 470
58 125 287
58 127 -1
59 2 881
59 4 891
59 6 432
59 8 841
59 10 -1
59 12 -1
59 14 -1
59 16 -1
59 18 -1
59 20 -1
59 22 492
59 24 693
59 26 887
59 28 612
59 30 453
59 32 378
59 34 707
59 36 727
59 38 547
59 40 89
59 42 276
59 44 884
59 46 848
59 48 478
59 50 -1
59 52 991
59 54 808
59 56 179
59 58 21
59 60 231
59 62 -1
59 64 116
59 66 -1
59 68 174
59 70 729
59 72 203
59 74 -1
59 76 992
59 78 477
59 80 134
59 82 -1
59 84 963
59 86 217
59 88 527
59 90 439
59 92 996
59 94 816
59 96 293
59 98 693
59 100 28
59 102 159
59 104 736
59 106 -1
59 108 341
59 110 812
59 112 931
59 114 -1
59 116 831
59 118 533
59 120 563
59 122 127
59 124 467
59 126 165
59 128 347
60 1 660
60 3 -1
60 5 687
60 7 -1
60 9 147
60 11 -1
60 13 293
60 15 885
60 17 -1
60 19 816
60 21 -1
60 23 646
60 25 230
60 27 926
60 29 -1
60 31 279
60 33 996
60 35 92
60 37 251
60 39 -1
60 41 209
60 43 -1
60 45 677
60 47 37
60 49 932
60 51 742
60 53 574
60 55 139
60 57 554
60 59 853
60 61 427
60 63 824
60 65 655
60 67 499
60 69 865
60 71 201
60 73 309
60 75 -1
60 77 985
60 79 31
60 81 560
60 83 582
60 85 29
60 87 -1
60 89 -1
60 91 -1
60 93 938
60 95 345
60 97 -1
60 99 169
60 101 2
60 103 566
60 105 203
60 107 652
60 109 974
60 111 -1
60 113 -1
60 115 621
60 117 502
60 119 982
60 121 477
60 123 925
60 125 661
60 127 850
61 2 313
61 4 864
61 6 -1
61 8 217
61 10 549
61 12 726
61 14 319
61 16 539
61 18 725
61 20 283
61 22 702
61 24 585
61 26 -1
61 28 594
61 30 -1
61 32 606
61 34 757
61 36 -1
61 38 321
61 40 173
61 42 553
61 44 501
61 46 420
61 48 891
61 50 -1
61 52 -1
61 54 725
61 56 836
61 58 -1
61 60 -1
61 62 264
61 64 -1
61 66 209
61 68 198
61 70 730
61 72 934
61 74 274
61 76 946
61 78 822
61 80 79
61 82 412
61 84 -1
61 86 412
61 88 -1
61 90 488
61 92 -1
61 94 167
61 96 23
61 98 699
61 100 -1
61 102 -1
61 104 863
61 106 482
61 108 -1
61 110 -1
61 112 -1
61 114 357
61 116 19
61 118 193
61 120 -1
61 122 605
61 124 -1
61 126 -1
61 128 341
62 1 -1
62 3 894
62 5 373
62 7 789
62 9 2
62 11 -1
62 13 -1
62 15 668
62 17 235
62 19 384
62 21 627
62 23 691
62 25 270
62 27 445
62 29 -1
62 31 37
62 33 558
62 35 -1
62 37 116
62 39 610
62 41 925
62 43 345
62 45 907
62 47 -1
62 49 -1
62 51 135
62 53 760
62 55 403
62 57 963
62 59 87
62 61 -1
62 63 531
62 65 870
62 67 228
62 69 649
62 71 247
62 73 32
62 75 547
62 77 431
62 79 -1
62 81 270
62 83 -1
62 85 756
62 87 75
62 89 171
62 91 940
62 93 899
62 95 646
62 97 651
62 99 -1
62 101 230
62 103 -1
62 105 300
62 107 26
62 109 331
62 111 168
62 113 397
62 115 735
62 117 170
62 119 667
62 121 468
62 123 409
62 125 803
62 127 930
63 2 791
63 4 316
63 6 161
63 8 246
63 10 558
63 12 -1
63 14 241
63 16 15
63 18 592
63 20 88
63 22 743
63 24 860
63 26 396
63 28 99
63 30 499
63 32 436
63 34 547
63 36 614
63 38 880
63 40 987
63 42 836
63 44 891
63 46 453
63 48 781
63 50 478
63 52 237
63 54 149
63 56 -1
63 58 544
63 60 360
63 62 994
63 64 486
63 66 367
63 68 905
63 70 436
63 72 93
63 74 19
63 76 722
63 78 -1
63 80 979
63 82 -1
63 84 457
63 86 138
63 88 242
63 90 -1
63 92 -1
63 94 81
63 96 -1
63 98 427
63 100 376
63 102 539
63 104 975
63 106 368
63 108 -1
63 110 847
63 112 143
63 114 -1
63 116 649
63 118 -1
63 120 549
63 122 644
63 124 -1
63 126 238
63 128 79
64 1 408
64 3 265
64 5 308
64 7 903
64 9 -1
64 11 229
64 13 291
64 15 635
64 17 -1
64 19 130
64 21 -1
64 23 778
64 25 -1
64 27 326
64 29 -1
64 31 364
64 33 371
64 35 529
64 37 97
64 39 713
64 41 971
64 43 185
64 45 629
64 47 713
64 49 502
64 51 408
64 53 477
64 55 705
64 57 122
64 59 -1
64 61 134
64 63 -1
64 65 583
64 67 336
64 69 146
64 71 126
64 73 714
64 75 915
64 77 -1
64 79 543
64 81 -1
64 83 461
64 85 27
64 87 633
64 89 -1
64 91 -1
64 93 460
64 95 883
64 97 993
64 99 388
64 101 259
64 103 38
64 105 858
64 107 614
64 109 611
64 111 172
64 113 70
64 115 -1
64 117 882
64 119 931
64 121 685
64 123 840
64 125 -1
64 127 700
65 2 337
65 4 169
65 6 -1
65 8 428
65 10 9
65 12 8
65 14 -1
65 16 930
65 18 675
65 20 711
65 22 -1
65 24 615
65 26 339
65 28 783
65 30 681
65 32 747
65 34 321
65 36 613
65 38 227
65 40 983
65 42 190
65 44 -1
65 46 549
65 48 336
65 50 352
65 52 931
65 54 106
65 56 29
65 58 907
65 60 569
65 62 958
65 64 380
65 66 -1
65 68 437
65 70 579
65 72 237
65 74 -1
65 76 426
65 78 208
65 80 121
65 82 803
65 84 904
65 86 886
65 88 654
65 90 147
65 92 190
65 94 193
65 96 -1
65 98 -1
65 100 84
65 102 361
65 104 697
65 106 868
65 108 -1
65 110 293
65 112 602
65 114 337
65 116 421
65 118 751
65 120 45
65 122 159
65 124 610
65 126 852
65 128 616
66 1 581
66 3 433
66 5 547
66 7 -1
66 9 922
66 11 59
66 13 577
66 15 -1
66 17 194
66 19 764
66 21 474
66 23 823
66 25 -1
66 27 334
66 29 291
66 31 31
66 33 -1
66 35 733
66 37 558
66 39 949
66 41 229
66 43 729
66 45 809
66 47 737
66 49 312
66 51 749
66 53 -1
66 55 223
66 57 422
66 59 973
66 61 624
66 63 159
66 65 229
66 67 739
66 69 438
66 71 -1
66 73 -1
66 75 484
66 77 974
66 79 634
66 81 84
66 83 681
66 85 -1
66 87 108
66 89 -1
66 91 400
66 93 187
66 95 492
66 97 -1
66 99 2
66 101 215
66 103 -1
66 105 -1
66 107 320
66 109 768
66 111 996
66 113 539
66 115 930
66 117 778
66 119 588
66 121 -1
66 123 47
66 125 -1
66 127 446
67 2 149
67 4 38
67 6 508
67 8 830
67 10 274
67 12 415
67 14 600
67 16 510
67 18 479
67 20 641
67 22 -1
67 24 -1
67 26 460
67 28 911
67 30 941
67 32 291
67 34 266
67 36 259
67 38 454
67 40 47
67 42 840
67 44 722
67 46 616
67 48 140
67 50 971
67 52 524
67 54 729
67 56 28
67 58 -1
67 60 291
67 62 16
67 64 159
67 66 628
67 68 716
67 70 -1
67 72 833
67 74 -1
67 76 672
67 78 463
67 80 319
67 82 417
67 84 -1
67 86 -1
67 88 319
67 90 115
67 92 448
67 94 224
67 96 -1
67 98 591
67 100 682
67 102 79
67 104 410
67 106 90
67 108 -1
67 110 831
67 112 800
67 114 895
67 116 780
67 118 913
67 120 402
67 122 658
67 124 732
67 126 171
67 128 195
68 1 897
68 3 374
68 5 76
68 7 705
68 9 150
68 11 884
68 13 916
68 15 272
68 17 152
68 19 474
68 21 641
68 23 1000
68 25 742
68 27 754
68 29 741
68 31 309
68 33 297
68 35 -1
68 37 -1
68 39 742
68 41 159
68 43 933
68 45 222
68 47 -1
68 49 494
68 51 580
68 53 -1
68 55 996
68 57 62
68 59 538
68 61 781
68 63 771
68 65 943
68 67 157
68 69 112
68 71 -1
68 73 -1
68 75 74
68 77 -1
68 79 358
68 81 670
68 83 294
68 85 920
68 87 763
68 89 220
68 91 520
68 93 -1
68 95 675
68 97 -1
68 99 -1
68 101 218
68 103 875
68 105 67
68 107 165
68 109 895
68 111 853
68 113 947
68 115 364
68 117 365
68 119 128
68 121 -1
68 123 235
68 125 994
68 127 -1
69 2 885
69 4 424
69 6 -1
69 8 -1
69 10 246
69 12 -1
69 14 312
69 16 235
69 18 738
69 20 544
69 22 -1
69 24 615
69 26 330
69 28 672
69 30 -1
69 32 663
69 34 -1
69 36 656
69 38 -1
69 40 540
69 42 -1
69 44 958
69 46 -1
69 48 203
69 50 642
69 52 557
69 54 -1
69 56 294
69 58 804
69 60 525
69 62 -1
69 64 854
69 66 -1
69 68 663
69 70 558
69 72 745
69 74 559
69 76 -1
69 78 -1
69 80 -1
69 82 62
69 84 -1
69 86 616
69 88 397
69 90 371
69 92 -1
69 94 -1
69 96 675
69 98 742
69 100 -1
69 102 613
69 104 -1
69 106 508
69 108 784
69 110 829
69 112 631
69 114 781
69 116 281
69 118 -1
69 120 -1
69 122 15
69 124 549
69 126 949
69 128 36
70 1 -1
70 3 -1
70 5 937
70 7 -1
70 9 955
70 11 -1
70 13 72
70 15 139
70 17 269
70 19 86
70 21 409
70 23 634
70 25 830
70 27 423
70 29 -1
70 31 323
70 33 845
70 35 -1
70 37 886
70 39 408
70 41 259
70 43 -1
70 45 603
70 47 551
70 49 230
70 51 723
70 53 -1
70 55 974
70 57 412
70 59 350
70 61 740
70 63 437
70 65 446
70 67 481
70 69 741
70 71 917
70 73 891
70 75 519
70 77 130
70 79 273
70 81 191
70 83 11
70 85 576
70 87 400
70 89 942
70 91 -1
70 93 681
70 95 368
70 97 669
70 99 148
70 101 854
70 103 -1
70 105 353
70 107 854
70 109 830
70 111 832
70 113 271
70 115 483
70 117 113
70 119 968
70 121 397
70 123 964
70 125 -1
70 127 539
71 2 608
71 4 160
71 6 -1
71 8 -1
71 10 324
71 12 366
71 14 -1
71 16 -1
71 18 612
71 20 772
71 22 104
71 24 900
71 26 259
71 28 55
71 30 706
71 32 -1
71 34 -1
71 36 255
71 38 -1
71 40 -1
71 42 535
71 44 970
71 46 -1
71 48 293
71 50 969
71 52 592
71 54 39
71 56 -1
71 58 456
71 60 826
71 62 -1
71 64 436
71 66 -1
71 68 909
71 70 985
71 72 402
71 74 26
71 76 -1
71 78 -1
71 80 69
71 82 414
71 84 -1
71 86 210
71 88 846
71 90 900
71 92 577
71 94 692
71 96 756
71 98 73
71 100 711
71 102 452
71 104 -1
71 106 149
71 108 -1
71 110 -1
71 112 16
71 114 789
71 116 953
71 118 -1
71 120 724
71 122 747
71 124 915
71 126 -1
71 128 -1
72 1 928
72 3 948
72 5 895
72 7 -1
72 9 958
72 11 -1
72 13 389
72 15 530
72 17 214
72 19 589
72 21 196
72 23 -1
72 25 749
72 27 68
72 29 878
72 31 426
72 33 -1
72 35 269
72 37 993
72 39 838
72 41 236
72 43 -1
72 45 -1
72 47 444
72 49 894
72 51 862
72 53 -1
72 55 803
72 57 574
72 59 -1
72 61 323
72 63 615
72 65 484
72 67 963
72 69 748
72 71 513
72 73 448
72 75 331
72 77 764
72 79 384
72 81 168
72 83 -1
72 85 29
72 87 262
72 89 938
72 91 10
72 93 509
72 95 100
72 97 -1
72 99 54
72 101 809
72 103 592
72 105 245
72 107 -1
72 109 575
72 111 786
72 113 161
72 115 325
72 117 227
72 119 876
72 121 888
72 123 674
72 125 650
72 127 512
73 2 580
73 4 -1
73 6 588
73 8 -1
73 10 179
73 12 -1
73 14 569
73 16 478
73 18 306
73 20 -1
73 22 1
73 24 646
73 26 663
73 28 66
73 30 39
73 32 798
73 34 274
73 36 493
73 38 975
73 40 793
73 42 953
73 44 595
73 46 892
73 48 -1
73 50 589
73 52 967
73 54 -1
73 56 277
73 58 999
73 60 964
73 62 -1
73 64 354
73 66 342
73 68 -1
73 70 3
73 72 -1
73 74 329
73 76 777
73 78 188
73 80 723
73 82 991
73 84 727
73 86 609
73 88 -1
73 90 381
73 92 466
73 94 612
73 96 -1
73 98 156
73 100 303
73 102 880
73 104 -1
73 106 469
73 108 179
73 110 844
73 112 892
73 114 382
73 116 -1
73 118 571
73 120 215
73 122 57
73 124 560
73 126 -1
73 128 291
74 1 836
74 3 848
74 5 92
74 7 554
74 9 547
74 11 944
74 13 726
74 15 -1
74 17 617
74 19 765
74 21 717
74 23 -1
74 25 -1
74 27 865
74 29 520
74 31 52
74 33 418
74 35 762
74 37 591
74 39 946
74 41 638
74 43 -1
74 45 -1
74 47 767
74 49 -1
74 51 905
74 53 354
74 55 760
74 57 -1
74 59 446
74 61 337
74 63 196
74 65 790
74 67 782
74 69 -1
74 71 544
74 73 638
74 75 360
74 77 616
74 79 460
74 81 -1
74 83 -1
74 85 -1
74 87 205
74 89 717
74 91 475
74 93 947
74 95 197
74 97 935
74 99 491
74 101 695
74 103 931
74 105 167
74 107 27
74 109 -1
74 111 -1
74 113 761
74 115 761
74 117 537
74 119 751
74 121 195
74 123 986
74 125 142
74 127 -1
75 2 -1
75 4 919
75 6 -1
75 8 409
75 10 128
75 12 586
75 14 199
75 16 895
75 18 337
75 20 -1
75 22 925
75 24 843
75 26 139
75 28 257
75 30 763
75 32 355
75 34 526
75 36 593
75 38 227
75 40 204
75 42 153
75 44 818
75 46 785
75 48 267
75 50 787
75 52 936
75 54 121
75 56 876
75 58 -1
75 60 133
75 62 837
75 64 650
75 66 -1
75 68 297
75 70 46
75 72 -1
75 74 249
75 76 214
75 78 573
75 80 -1
75 82 24
75 84 452
75 86 665
75 88 873
75 90 868
75 92 748
75 94 881
75 96 131
75 98 693
75 100 209
75 102 259
75 104 216
75 106 855
75 108 182
75 110 895
75 112 661
75 114 -1
75 116 -1
75 118 80
75 120 498
75 122 124
75 124 404
75 126 659
75 128 -1
76 1 -1
76 3 242
76 5 715
76 7 -1
76 9 974
76 11 513
76 13 909
76 15 -1
76 17 950
76 19 594
76 21 999
76 23 722
76 25 552
76 27 734
76 29 289
76 31 898
76 33 125
76 35 440
76 37 -1
76 39 -1
76 41 519
76 43 127
76 45 282
76 47 834
76 49 247
76 51 197
76 53 393
76 55 756
76 57 977
76 59 38
76 61 334
76 63 199
76 65 -1
76 67 675
76 69 63
76 71 -1
76 73 217
76 75 -1
76 77 -1
76 79 482
76 81 115
76 83 -1
76 85 713
76 87 281
76 89 842
76 91 660
76 93 805
76 95 345
76 97 651
76 99 416
76 101 646
76 103 329
76 105 -1
76 107 -1
76 109 276
76 111 232
76 113 576
76 115 789
76 117 -1
76 119 -1
76 121 691
76 123 404
76 125 -1
76 127 63
77 2 252
77 4 889
77 6 383
77 8 -1
77 10 968
77 12 679
77 14 967
77 16 544
77 18 253
77 20 916
77 22 326
77 24 -1
77 26 314
77 28 112
77 30 -1
77 32 996
77 34 374
77 36 281
77 38 427
77 40 489
77 42 338
77 44 947
77 46 807
77 48 -1
77 50 -1
77 52 859
77 54 828
77 56 310
77 58 182
77 60 819
77 62 -1
77 64 400
77 66 836
77 68 -1
77 70 375
77 72 879
77 74 809
77 76 841
77 78 878
77 80 514
77 82 52
77 84 386
77 86 -1
77 88 -1
77 90 388
77 92 719
77 94 913
77 96 -1
77 98 105
77 100 409
77 102 715
77 104 315
77 106 -1
77 108 467
77 110 483
77 112 729
77 114 447
77 116 -1
77 118 850
77 120 782
77 122 860
77 124 499
77 126 65
77 128 306
78 1 131
78 3 240
78 5 703
78 7 72
78 9 80
78 11 187
78 13 318
78 15 -1
78 17 677
78 19 337
78 21 142
78 23 854
78 25 534
78 27 103
78 29 264
78 31 585
78 33 -1
78 35 347
78 37 894
78 39 -1
78 41 317
78 43 544
78 45 955
78 47 821
78 49 652
78 51 -1
78 53 -1
78 55 922
78 57 15
78 59 189
78 61 326
78 63 178
78 65 867
78 67 508
78 69 460
78 71 467
78 73 481
78 75 628
78 77 639
78 79 933
78 81 735
78 83 -1
78 85 178
78 87 581
78 89 643
78 91 655
78 93 736
78 95 719
78 97 516
78 99 535
78 101 644
78 103 -1
78 105 504
78 107 -1
78 109 483
78 111 -1
78 113 417
78 115 490
78 117 277
78 119 33
78 121 -1
78 123 499
78 125 -1
78 127 153
79 2 524
79 4 158
79 6 966
79 8 438
79 10 986
79 12 961
79 14 22
79 16 -1
79 18 429
79 20 740
79 22 -1
79 24 594
79 26 671
79 28 301
79 30 476
79 32 541
79 34 286
79 36 430
79 38 319
79 40 137
79 42 153
79 44 746
79 46 314
79 48 466
79 50 547
79 52 728
79 54 723
79 56 416
79 58 -1
79 60 69
79 62 -1
79 64 -1
79 66 -1
79 68 754
79 70 805
79 72 700
79 74 282
79 76 232
79 78 662
79 80 898
79 82 447
79 84 611
79 86 564
79 88 12
79 90 363
79 92 384
79 94 496
79 96 786
79 98 270
79 100 666
79 102 427
79 104 197
79 106 553
79 108 494
79 110 756
79 112 540
79 114 106
79 116 -1
79 118 21
79 120 558
79 122 -1
79 124 337
79 126 566
79 128 274
80 1 -1
80 3 895
80 5 611
80 7 21
80 9 517
80 11 232
80 13 573
80 15 52
80 17 336
80 19 773
80 21 -1
80 23 793
80 25 61
80 27 583
80 29 -1
80 31 149
80 33 175
80 35 526
80 37 798
80 39 -1
80 41 170
80 43 906
80 45 -1
80 47 850
80 49 843
80 51 841
80 53 858
80 55 16
80 57 757
80 59 422
80 61 -1
80 63 -1
80 65 461
80 67 399
80 69 682
80 71 55
80 73 765
80 75 1000
80 77 349
80 79 978
80 81 126
80 83 802
80 85 701
80 87 578
80 89 724
80 91 -1
80 93 145
80 95 -1
80 97 315
80 99 625
80 101 44
80 103 990
80 105 -1
80 107 754
80 109 489
80 111 241
80 113 662
80 115 566
80 117 -1
80 119 883
80 121 307
80 123 953
80 125 497
80 127 527
81 2 210
81 4 503
81 6 906
81 8 493
81 10 348
81 12 -1
81 14 -1
81 16 821
81 18 833
81 20 49
81 22 530
81 24 269
81 26 118
81 28 575
81 30 -1
81 32 72
81 34 483
81 36 399
81 38 20
81 40 933
81 42 429
81 44 264
81 46 531
81 48 -1
81 50 918
81 52 546
81 54 -1
81 56 428
81 58 930
81 60 20
81 62 766
81 64 812
81 66 630
81 68 705
81 70 673
81 72 964
81 74 993
81 76 -1
81 78 608
81 80 17
81 82 85
81 84 -1
81 86 983
81 88 -1
81 90 410
81 92 92
81 94 527
81 96 365
81 98 463
81 100 300
81 102 258
81 104 132
81 106 290
81 108 -1
81 110 -1
81 112 -1
81 114 285
81 116 591
81 118 621
81 120 249
81 122 481
81 124 12
81 126 854
81 128 514
82 1 -1
82 3 184
82 5 881
82 7 426
82 9 162
82 11 174
82 13 645
82 15 836
82 17 135
82 19 809
82 21 641
82 23 481
82 25 518
82 27 607
82 29 -1
82 31 570
82 33 -1
82 35 897
82 37 917
82 39 741
82 41 618
82 43 251
82 45 705
82 47 642
82 49 817
82 51 912
82 53 360
82 55 14
82 57 499
82 59 787
82 61 740
82 63 674
82 65 -1
82 67 922
82 69 454
82 71 107
82 73 20
82 75 -1
82 77 163
82 79 996
82 81 957
82 83 283
82 85 788
82 87 124
82 89 187
82 91 685
82 93 78
82 95 559
82 97 885
82 99 24
82 101 -1
82 103 426
82 105 697
82 107 -1
82 109 446
82 111 -1
82 113 441
82 115 -1
82 117 252
82 119 12
82 121 -1
82 123 487
82 125 930
82 127 -1
83 2 -1
83 4 537
83 6 813
83 8 888
83 10 15
83 12 810
83 14 551
83 16 589
83 18 -1
83 20 549
83 22 743
83 24 599
83 26 413
83 28 88
83 30 -1
83 32 280
83 34 909
83 36 692
83 38 510
83 40 788
83 42 117
83 44 240
83 46 297
83 48 783
83 50 761
83 52 786
83 54 179
83 56 518
83 58 213
83 60 963
83 62 280
83 64 807
83 66 -1
83 68 498
83 70 962
83 72 -1
83 74 -1
83 76 822
83 78 302
83 80 -1
83 82 92
83 84 162
83 86 317
83 88 770
83 90 747
83 92 -1
83 94 -1
83 96 118
83 98 680
83 100 982
83 102 937
83 104 336
83 106 748
83 108 100
83 110 215
83 112 112
83 114 357
83 116 -1
83 118 518
83 120 862
83 122 -1
83 124 61
83 126 -1
83 128 134
84 1 987
84 3 -1
84 5 736
84 7 95
84 9 289
84 11 649
84 13 175
84 15 198
84 17 -1
84 19 -1
84 21 53
84 23 -1
84 25 -1
84 27 406
84 29 812
84 31 202
84 33 136
84 35 357
84 37 706
84 39 971
84 41 382
84 43 465
84 45 -1
84 47 466
84 49 -1
84 51 918
84 53 465
84 55 267
84 57 -1
84 59 481
84 61 -1
84 63 804
84 65 315
84 67 853
84 69 76
84 71 515
84 73 -1
84 75 837
84 77 -1
84 79 254
84 81 -1
84 83 804
84 85 603
84 87 -1
84 89 209
84 91 924
84 93 212
84 95 307
84 97 353
84 99 -1
84 101 667
84 103 215
84 105 -1
84 107 776
84 109 673
84 111 172
84 113 386
84 115 339
84 117 -1
84 119 897
84 121 459
84 123 93
84 125 295
84 127 717
85 2 577
85 4 259
85 6 -1
85 8 -1
85 10 855
85 12 98
85 14 -1
85 16 784
85 18 16
85 20 369
85 22 83
85 24 331
85 26 307
85 28 824
85 30 659
85 32 325
85 34 -1
85 36 231
85 38 -1
85 40 841
85 42 -1
85 44 470
85 46 631
85 48 -1
85 50 433
85 52 619
85 54 -1
85 56 988
85 58 444
85 60 532
85 62 705
85 64 633
85 66 -1
85 68 313
85 70 685
85 72 -1
85 74 -1
85 76 205
85 78 787
85 80 950
85 82 143
85 84 86
85 86 923
85 88 24
85 90 396
85 92 726
85 94 107
85 96 849
85 98 871
85 100 961
85 102 640
85 104 893
85 106 890
85 108 112
85 110 609
85 112 915
85 114 633
85 116 327
85 118 761
85 120 838
85 122 925
85 124 300
85 126 153
85 128 588
86 1 731
86 3 206
86 5 896
86 7 353
86 9 898
86 11 814
86 13 229
86 15 -1
86 17 -1
86 19 432
86 21 768
86 23 -1
86 25 957
86 27 913
86 29 -1
86 31 296
86 33 499
86 35 398
86 37 782
86 39 302
86 41 756
86 43 815
86 45 470
86 47 512
86 49 -1
86 51 121
86 53 491
86 55 -1
86 57 34
86 59 634
86 61 -1
86 63 -1
86 65 83
86 67 583
86 69 190
86 71 161
86 73 287
86 75 1
86 77 468
86 79 696
86 81 794
86 83 339
86 85 679
86 87 342
86 89 278
86 91 481
86 93 460
86 95 471
86 97 447
86 99 826
86 101 385
86 103 -1
86 105 672
86 107 312
86 109 619
86 111 -1
86 113 908
86 115 671
86 117 122
86 119 847
86 121 434
86 123 191
86 125 -1
86 127 650
87 2 209
87 4 204
87 6 -1
87 8 840
87 10 57
87 12 669
87 14 462
87 16 -1
87 18 939
87 20 84
87 22 868
87 24 330
87 26 880
87 28 1
87 30 335
87 32 445
87 34 22
87 36 230
87 38 618
87 40 416
87 42 709
87 44 -1
87 46 916
87 48 720
87 50 -1
87 52 269
87 54 -1
87 56 136
87 58 559
87 60 792
87 62 -1
87 64 498
87 66 672
87 68 725
87 70 947
87 72 270
87 74 959
87 76 530
87 78 955
87 80 935
87 82 587
87 84 354
87 86 257
87 88 342
87 90 140
87 92 960
87 94 450
87 96 936
87 98 -1
87 100 -1
87 102 -1
87 104 402
87 106 435
87 108 629
87 110 199
87 112 777
87 114 230
87 116 653
87 118 815
87 120 216
87 122 849
87 124 888
87 126 48
87 128 694
88 1 369
88 3 960
88 5 980
88 7 50
88 9 678
88 11 236
88 13 -1
88 15 365
88 17 -1
88 19 178
88 21 -1
88 23 344
88 25 431
88 27 303
88 29 978
88 31 -1
88 33 411
88 35 70
88 37 406
88 39 159
88 41 741
88 43 -1
88 45 771
88 47 738
88 49 561
88 51 293
88 53 631
88 55 -1
88 57 974
88 59 760
88 61 -1
88 63 278
88 65 597
88 67 452
88 69 912
88 71 946
88 73 -1
88 75 -1
88 77 -1
88 79 -1
88 81 -1
88 83 506
88 85 273
88 87 448
88 89 500
88 91 356
88 93 593
88 95 487
88 97 392
88 99 333
88 101 -1
88 103 823
88 105 320
88 107 171
88 109 729
88 111 651
88 113 914
88 115 322
88 117 810
88 119 600
88 121 381
88 123 -1
88 125 471
88 127 570
89 2 864
89 4 493
89 6 98
89 8 -1
89 10 686
89 12 808
89 14 913
89 16 -1
89 18 563
89 20 383
89 22 26
89 24 -1
89 26 555
89 28 443
89 30 349
89 32 758
89 34 605
89 36 723
89 38 559
89 40 367
89 42 993
89 44 480
89 46 259
89 48 688
89 50 -1
89 52 392
89 54 406
89 56 644
89 58 -1
89 60 -1
89 62 109
89 64 829
89 66 369
89 68 -1
89 70 435
89 72 18
89 74 33
89 76 -1
89 78 25
89 80 7
89 82 45
89 84 512
89 86 57
89 88 233
89 90 672
89 92 480
89 94 356
89 96 606
89 98 437
89 100 872
89 102 408
89 104 907
89 106 666
89 108 280
89 110 429
89 112 513
89 114 389
89 116 949
89 118 -1
89 120 181
89 122 302
89 124 90
89 126 116
89 128 255
90 1 818
90 3 -1
90 5 706
90 7 156
90 9 92
90 11 254
90 13 -1
90 15 -1
90 17 361
90 19 210
90 21 -1
90 23 510
90 25 -1
90 27 43
90 29 385
90 31 948
90 33 918
90 35 992
90 37 498
90 39 91
90 41 910
90 43 815
90 45 418
90 47 724
90 49 805
90 51 5
90 53 185
90 55 524
90 57 -1
90 59 566
90 61 925
90 63 238
90 65 285
90 67 301
90 69 415
90 71 296
90 73 -1
90 75 542
90 77 134
90 79 555
90 81 942
90 83 644
90 85 724
90 87 -1
90 89 599
90 91 -1
90 93 516
90 95 867
90 97 141
90 99 520
90 101 181
90 103 825
90 105 20
90 107 889
90 109 929
90 111 -1
90 113 483
90 115 517
90 117 225
90 119 268
90 121 568
90 123 17
90 125 382
90 127 728
91 2 411
91 4 488
91 6 789
91 8 293
91 10 935
91 12 80
91 14 366
91 16 775
91 18 386
91 20 392
91 22 456
91 24 367
91 26 877
91 28 532
91 30 -1
91 32 -1
91 34 227
91 36 867
91 38 236
91 40 629
91 42 198
91 44 -1
91 46 630
91 48 -1
91 50 434
91 52 233
91 54 530
91 56 782
91 58 634
91 60 -1
91 62 863
91 64 890
91 66 238
91 68 51
91 70 -1
91 72 -1
91 74 240
91 76 96
91 78 922
91 80 435
91 82 124
91 84 -1
91 86 363
91 88 156
91 90 675
91 92 229
91 94 -1
91 96 588
91 98 373
91 100 995
91 102 329
91 104 615
91 106 864
91 108 771
91 110 973
91 112 -1
91 114 759
91 116 795
91 118 -1
91 120 510
91 122 86
91 124 601
91 126 630
91 128 513
92 1 135
92 3 46
92 5 495
92 7 877
92 9 773
92 11 -1
92 13 543
92 15 -1
92 17 235
92 19 749
92 21 -1
92 23 975
92 25 25
92 27 -1
92 29 778
92 31 219
92 33 464
92 35 976
92 37 616
92 39 78
92 41 746
92 43 274
92 45 693
92 47 -1
92 49 742
92 51 647
92 53 29
92 55 -1
92 57 -1
92 59 884
92 61 607
92 63 483
92 65 299
92 67 274
92 69 216
92 71 998
92 73 301
92 75 334
92 77 437
92 79 -1
92 81 728
92 83 40
92 85 -1
92 87 -1
92 89 741
92 91 183
92 93 972
92 95 53
92 97 18
92 99 351
92 101 136
92 103 474
92 105 729
92 107 658
92 109 747
92 111 328
92 113 562
92 115 564
92 117 766
92 119 455
92 121 561
92 123 953
92 125 525
92 127 584
93 2 867
93 4 504
93 6 666
93 8 64
93 10 743
93 12 637
93 14 336
93 16 437
93 18 74
93 20 -1
93 22 840
93 24 304
93 26 89
93 28 649
93 30 168
93 32 556
93 34 872
93 36 917
93 38 507
93 40 641
93 42 988
93 44 241
93 46 401
93 48 -1
93 50 297
93 52 616
93 54 -1
93 56 792
93 58 -1
93 60 880
93 62 518
93 64 612
93 66 759
93 68 394
93 70 942
93 72 106
93 74 963
93 76 175
93 78 950
93 80 76
93 82 266
93 84 838
93 86 -1
93 88 10
93 90 374
93 92 256
93 94 -1
93 96 459
93 98 270
93 100 158
93 102 817
93 104 338
93 106 638
93 108 631
93 110 -1
93 112 -1
93 114 -1
93 116 402
93 118 783
93 120 978
93 122 699
93 124 392
93 126 218
93 128 594
94 1 -1
94 3 727
94 5 25
94 7 952
94 9 335
94 11 -1
94 13 972
94 15 97
94 17 267
94 19 651
94 21 169
94 23 850
94 25 800
94 27 485
94 29 323
94 31 -1
94 33 -1
94 35 370
94 37 994
94 39 -1
94 41 878
94 43 566
94 45 -1
94 47 32
94 49 191
94 51 669
94 53 509
94 55 182
94 57 -1
94 59 31
94 61 903
94 63 11
94 65 -1
94 67 64
94 69 -1
94 71 434
94 73 513
94 75 708
94 77 350
94 79 305
94 81 305
94 83 791
94 85 211
94 87 645
94 89 -1
94 91 673
94 93 515
94 95 -1
94 97 444
94 99 -1
94 101 48
94 103 318
94 105 705
94 107 783
94 109 -1
94 111 877
94 113 -1
94 115 533
94 117 -1
94 119 724
94 121 775
94 123 840
94 125 815
94 127 443
95 2 -1
95 4 -1
95 6 38
95 8 848
95 10 681
95 12 390
95 14 175
95 16 382
95 18 103
95 20 116
95 22 790
95 24 428
95 26 748
95 28 -1
95 30 587
95 32 965
95 34 768
95 36 749
95 38 505
95 40 607
95 42 415
95 44 967
95 46 252
95 48 746
95 50 166
95 52 41
95 54 497
95 56 -1
95 58 713
95 60 936
95 62 -1
95 64 261
95 66 849
95 68 295
95 70 435
95 72 683
95 74 727
95 76 118
95 78 461
95 80 108
95 82 295
95 84 265
95 86 875
95 88 588
95 90 -1
95 92 -1
95 94 544
95 96 879
95 98 867
95 100 831
95 102 380
95 104 663
95 106 9
95 108 510
95 110 786
95 112 200
95 114 528
95 116 -1
95 118 -1
95 120 -1
95 122 391
95 124 121
95 126 -1
95 128 412
96 1 770
96 3 49
96 5 721
96 7 149
96 9 -1
96 11 811
96 13 207
96 15 374
96 17 338
96 19 884
96 21 223
96 23 99
96 25 262
96 27 623
96 29 191
96 31 146
96 33 474
96 35 484
96 37 -1
96 39 -1
96 41 609
96 43 560
96 45 174
96 47 971
96 49 803
96 51 890
96 53 594
96 55 768
96 57 830
96 59 236
96 61 467
96 63 -1
96 65 612
96 67 333
96 69 -1
96 71 794
96 73 763
96 75 918
96 77 -1
96 79 92
96 81 496
96 83 595
96 85 879
96 87 -1
96 89 694
96 91 495
96 93 133
96 95 679
96 97 509
96 99 562
96 101 223
96 103 771
96 105 -1
96 107 -1
96 109 769
96 111 208
96 113 632
96 115 789
96 117 594
96 119 -1
96 121 -1
96 123 747
96 125 978
96 127 -1
97 2 462
97 4 450
97 6 831
97 8 325
97 10 561
97 12 -1
97 14 928
97 16 912
97 18 446
97 20 342
97 22 822
97 24 50
97 26 128
97 28 346
97 30 797
97 32 819
97 34 137
97 36 -1
97 38 -1
97 40 676
97 42 -1
97 44 580
97 46 564
97 48 844
97 50 870
97 52 619
97 54 585
97 56 514
97 58 448
97 60 -1
97 62 700
97 64 771
97 66 652
97 68 64
97 70 433
97 72 392
97 74 436
97 76 -1
97 78 351
97 80 997
97 82 351
97 84 789
97 86 -1
97 88 373
97 90 126
97 92 167
97 94 335
97 96 735
97 98 715
97 100 397
97 102 -1
97 104 -1
97 106 210
97 108 289
97 110 588
97 112 700
97 114 27
97 116 821
97 118 -1
97 120 141
97 122 758
97 124 982
97 126 27
97 128 234
98 1 826
98 3 311
98 5 -1
98 7 440
98 9 -1
98 11 -1
98 13 766
98 15 -1
98 17 354
98 19 49
98 21 -1
98 23 294
98 25 911
98 27 784
98 29 436
98 31 -1
98 33 335
98 35 191
98 37 617
98 39 609
98 41 -1
98 43 46
98 45 77
98 47 72
98 49 -1
98 51 69
98 53 265
98 55 722
98 57 763
98 59 842
98 61 500
98 63 -1
98 65 494
98 67 915
98 69 250
98 71 835
98 73 91
98 75 901
98 77 184
98 79 855
98 81 524
98 83 675
98 85 96
98 87 792
98 89 906
98 91 868
98 93 7
98 95 -1
98 97 853
98 99 192
98 101 487
98 103 553
98 105 467
98 107 -1
98 109 955
98 111 685
98 113 455
98 115 992
98 117 630
98 119 273
98 121 -1
98 123 531
98 125 38
98 127 -1
99 2 -1
99 4 857
99 6 453
99 8 210
99 10 777
99 12 746
99 14 132
99 16 197
99 18 -1
99 20 710
99 22 346
99 24 620
99 26 492
99 28 748
99 30 422
99 32 699
99 34 20
99 36 210
99 38 719
99 40 72
99 42 738
99 44 107
99 46 -1
99 48 912
99 50 -1
99 52 49
99 54 842
99 56 642
99 58 73
99 60 704
99 62 -1
99 64 126
99 66 845
99 68 923
99 70 40
99 72 -1
99 74 353
99 76 837
99 78 745
99 80 774
99 82 206
99 84 467
99 86 243
99 88 352
99 90 472
99 92 369
99 94 595
99 96 653
99 98 359
99 100 421
99 102 -1
99 104 206
99 106 227
99 108 132
99 110 -1
99 112 778
99 114 -1
99 116 983
99 118 91
99 120 336
99 122 644
99 124 574
99 126 292
99 128 13
100 1 -1
100 3 863
100 5 235
100 7 985
100 9 841
100 11 335
100 13 -1
100 15 -1
100 17 762
100 19 -1
100 21 386
100 23 -1
100 25 -1
100 27 816
100 29 -1
100 31 459
100 33 504
100 35 790
100 37 242
100 39 5
100 41 817
100 43 739
100 45 -1
100 47 579
100 49 385
100 51 197
100 53 -1
100 55 738
100 57 34
100 59 68
100 61 -1
100 63 995
100 65 239
100 67 942
100 69 -1
100 71 545
100 73 230
100 75 812
100 77 -1
100 79 -1
100 81 551
100 83 481
100 85 279
100 87 -1
100 89 17
100 91 620
100 93 345
100 95 968
100 97 365
100 99 996
100 101 455
100 103 70
100 105 185
100 107 319
100 109 942
100 111 929
100 113 266
100 115 676
100 117 452
100 119 131
100 121 355
100 123 16
100 125 335
100 127 257
101 2 298
101 4 -1
101 6 752
101 8 75
101 10 -1
101 12 204
101 14 513
101 16 226
101 18 -1
101 20 492
101 22 368
101 24 -1
101 26 411
101 28 886
101 30 -1
101 32 253
101 34 362
101 36 72
101 38 885
101 40 65
101 42 918
101 44 829
101 46 342
101 48 858
101 50 212
101 52 -1
101 54 55
101 56 601
101 58 682
101 60 424
101 62 776
101 64 172
101 66 813
101 68 663
101 70 996
101 72 936
101 74 255
101 76 812
101 78 120
101 80 457
101 82 361
101 84 543
101 86 723
101 88 265
101 90 154
101 92 675
101 94 139
101 96 872
101 98 309
101 100 174
101 102 222
101 104 639
101 106 887
101 108 779
101 110 599
101 112 667
101 114 46
101 116 78
101 118 -1
101 120 343
101 122 858
101 124 903
101 126 872
101 128 -1
102 1 174
102 3 247
102 5 416
102 7 -1
102 9 54
102 11 -1
102 13 855
102 15 757
102 17 365
102 19 115
102 21 984
102 23 -1
102 25 688
102 27 111
102 29 -1
102 31 13
102 33 -1
102 35 465
102 37 17
102 39 995
102 41 344
102 43 580
102 45 813
102 47 603
102 49 87
102 51 659
102 53 -1
102 55 421
102 57 418
102 59 -1
102 61 656
102 63 781
102 65 130
102 67 -1
102 69 594
102 71 839
102 73 262
102 75 -1
102 77 428
102 79 -1
102 81 592
102 83 569
102 85 254
102 87 -1
102 89 -1
102 91 -1
102 93 965
102 95 970
102 97 842
102 99 -1
102 101 -1
102 103 603
102 105 -1
102 107 425
102 109 -1
102 111 615
102 113 319
102 115 -1
102 117 746
102 119 164
102 121 524
102 123 -1
102 125 129
102 127 -1
103 2 243
103 4 83
103 6 933
103 8 -1
103 10 909
103 12 -1
103 14 511
103 16 -1
103 18 -1
103 20 464
103 22 901
103 24 234
103 26 698
103 28 481
103 30 668
103 32 945
103 34 485
103 36 -1
103 38 727
103 40 -1
103 42 -1
103 44 603
103 46 23
103 48 -1
103 50 389
103 52 -1
103 54 896
103 56 402
103 58 913
103 60 45
103 62 246
103 64 517
103 66 43
103 68 -1
103 70 636
103 72 463
103 74 -1
103 76 133
103 78 -1
103 80 88
103 82 441
103 84 215
103 86 -1
103 88 505
103 90 687
103 92 240
103 94 -1
103 96 -1
103 98 987
103 100 659
103 102 510
103 104 728
103 106 688
103 108 78
103 110 928
103 112 -1
103 114 -1
103 116 650
103 118 138
103 120 967
103 122 274
103 124 -1
103 126 312
103 128 985
104 1 181
104 3 -1
104 5 584
104 7 102
104 9 -1
104 11 181
104 13 -1
104 15 321
104 17 757
104 19 700
104 21 946
104 23 625
104 25 -1
104 27 591
104 29 925
104 31 -1
104 33 236
104 35 482
104 37 -1
104 39 102
104 41 256
104 43 -1
104 45 701
104 47 730
104 49 490
104 51 -1
104 53 246
104 55 950
104 57 -1
104 59 650
104 61 677
104 63 390
104 65 -1
104 67 803
104 69 460
104 71 55
104 73 614
104 75 755
104 77 889
104 79 922
104 81 385
104 83 145
104 85 931
104 87 788
104 89 565
104 91 530
104 93 411
104 95 -1
104 97 839
104 99 260
104 101 162
104 103 -1
104 105 -1
104 107 -1
104 109 678
104 111 -1
104 113 918
104 115 661
104 117 615
104 119 70
104 121 272
104 123 188
104 125 376
104 127 385
105 2 331
105 4 197
105 6 916
105 8 284
105 10 8
105 12 251
105 14 483
105 16 265
105 18 57
105 20 325
105 22 618
105 24 423
105 26 557
105 28 -1
105 30 285
105 32 129
105 34 565
105 36 -1
105 38 86
105 40 -1
105 42 721
105 44 738
105 46 993
105 48 9
105 50 880
105 52 -1
105 54 157
105 56 -1
105 58 -1
105 60 479
105 62 367
105 64 985
105 66 319
105 68 -1
105 70 46
105 72 285
105 74 -1
105 76 598
105 78 941
105 80 437
105 82 332
105 84 178
105 86 283
105 88 431
105 90 23
105 92 565
105 94 405
105 96 -1
105 98 389
105 100 -1
105 102 607
105 104 955
105 106 972
105 108 -1
105 110 569
105 112 253
105 114 706
105 116 -1
105 118 109
105 120 444
105 122 538
105 124 182
105 126 608
105 128 764
106 1 381
106 3 753
106 5 -1
106 7 711
106 9 866
106 11 785
106 13 413
106 15 410
106 17 965
106 19 439
106 21 -1
106 23 39
106 25 319
106 27 927
106 29 191
106 31 598
106 33 -1
106 35 978
106 37 650
106 39 570
106 41 916
106 43 -1
106 45 700
106 47 576
106 49 336
106 51 72
106 53 383
106 55 -1
106 57 421
106 59 49
106 61 607
106 63 890
106 65 147
106 67 -1
106 69 476
106 71 686
106 73 774
106 75 -1
106 77 560
106 79 545
106 81 784
106 83 -1
106 85 727
106 87 976
106 89 702
106 91 881
106 93 755
106 95 987
106 97 173
106 99 153
106 101 867
106 103 924
106 105 207
106 107 302
106 109 609
106 111 948
106 113 645
106 115 915
106 117 322
106 119 -1
106 121 -1
106 123 -1
106 125 64
106 127 54
107 2 -1
107 4 709
107 6 572
107 8 239
107 10 841
107 12 -1
107 14 47
107 16 644
107 18 170
107 20 397
107 22 501
107 24 530
107 26 669
107 28 406
107 30 72
107 32 799
107 34 169
107 36 -1
107 38 688
107 40 46
107 42 606
107 44 791
107 46 285
107 48 295
107 50 874
107 52 -1
107 54 137
107 56 830
107 58 873
107 60 790
107 62 541
107 64 452
107 66 338
107 68 -1
107 70 522
107 72 -1
107 74 567
107 76 59
107 78 431
107 80 441
107 82 4
107 84 -1
107 86 506
107 88 497
107 90 837
107 92 380
107 94 -1
107 96 10
107 98 869
107 100 -1
107 102 206
107 104 556
107 106 -1
107 108 9
107 110 435
107 112 802
107 114 -1
107 116 242
107 118 131
107 120 712
107 122 127
107 124 -1
107 126 964
107 128 522
108 1 83
108 3 228
108 5 696
108 7 -1
108 9 480
108 11 940
108 13 412
108 15 60
108 17 -1
108 19 276
108 21 -1
108 23 979
108 25 -1
108 27 42
108 29 -1
108 31 602
108 33 541
108 35 -1
108 37 542
108 39 973
108 41 764
108 43 -1
108 45 624
108 47 373
108 49 124
108 51 500
108 53 614
108 55 459
108 57 273
108 59 -1
108 61 372
108 63 435
108 65 432
108 67 841
108 69 795
108 71 920
108 73 -1
108 75 683
108 77 -1
108 79 307
108 81 844
108 83 761
108 85 -1
108 87 295
108 89 13
108 91 515
108 93 -1
108 95 876
108 97 -1
108 99 662
108 101 507
108 103 -1
108 105 965
108 107 882
108 109 -1
108 111 383
108 113 418
108 115 576
108 117 -1
108 119 797
108 121 -1
108 123 868
108 125 972
108 127 -1
109 2 839
109 4 -1
109 6 -1
109 8 526
109 10 727
109 12 -1
109 14 93
109 16 708
109 18 215
109 20 886
109 22 -1
109 24 -1
109 26 154
109 28 61
109 30 936
109 32 -1
109 34 155
109 36 905
109 38 -1
109 40 -1
109 42 904
109 44 808
109 46 708
109 48 -1
109 50 451
109 52 595
109 54 584
109 56 452
109 58 758
109 60 -1
109 62 911
109 64 184
109 66 737
109 68 397
109 70 505
109 72 278
109 74 395
109 76 987
109 78 962
109 80 87
109 82 848
109 84 170
109 86 -1
109 88 -1
109 90 160
109 92 -1
109 94 527
109 96 350
109 98 829
109 100 417
109 102 563
109 104 799
109 106 289
109 108 610
109 110 302
109 112 136
109 114 602
109 116 899
109 118 232
109 120 -1
109 122 -1
109 124 119
109 126 -1
109 128 645
110 1 -1
110 3 -1
110 5 -1
110 7 868
110 9 660
110 11 400
110 13 349
110 15 773
110 17 862
110 19 472
110 21 126
110 23 59
110 25 442
110 27 983
110 29 204
110 31 -1
110 33 -1
110 35 -1
110 37 942
110 39 -1
110 41 307
110 43 162
110 45 259
110 47 -1
110 49 607
110 51 252
110 53 166
110 55 388
110 57 155
110 59 572
110 61 606
110 63 513
110 65 768
110 67 -1
110 69 -1
110 71 359
110 73 581
110 75 -1
110 77 58
110 79 440
110 81 -1
110 83 918
110 85 -1
110 87 169
110 89 972
110 91 226
110 93 1000
110 95 408
110 97 642
110 99 42
110 101 740
110 103 284
110 105 365
110 107 643
110 109 222
110 111 87
110 113 17
110 115 930
110 117 99
110 119 -1
110 121 422
110 123 354
110 125 296
110 127 665
111 2 384
111 4 218
111 6 375
111 8 779
111 10 588
111 12 432
111 14 -1
111 16 484
111 18 111
111 20 815
111 22 790
111 24 -1
111 26 919
111 28 434
111 30 295
111 32 14
111 34 905
111 36 946
111 38 893
111 40 345
111 42 109
111 44 549
111 46 369
111 48 375
111 50 110
111 52 705
111 54 16
111 56 640
111 58 6
111 60 909
111 62 802
111 64 610
111 66 -1
111 68 555
111 70 564
111 72 877
111 74 336
111 76 -1
111 78 227
111 80 487
111 82 -1
111 84 596
111 86 -1
111 88 98
111 90 499
111 92 479
111 94 162
111 96 155
111 98 -1
111 100 764
111 102 -1
111 104 318
111 106 544
111 108 781
111 110 880
111 112 266
111 114 525
111 116 -1
111 118 647
111 120 534
111 122 148
111 124 675
111 126 558
111 128 398
112 1 332
112 3 606
112 5 86
112 7 117
112 9 481
112 11 123
112 13 892
112 15 228
112 17 292
112 19 408
112 21 382
112 23 115
112 25 371
112 27 765
112 29 -1
112 31 515
112 33 3
112 35 477
112 37 665
112 39 565
112 41 895
112 43 129
112 45 -1
112 47 896
112 49 169
112 51 415
112 53 478
112 55 -1
112 57 944
112 59 238
112 61 793
112 63 404
112 65 389
112 67 886
112 69 558
112 71 631
112 73 -1
112 75 877
112 77 388
112 79 871
112 81 818
112 83 823
112 85 966
112 87 732
112 89 595
112 91 774
112 93 -1
112 95 291
112 97 -1
112 99 680
112 101 448
112 103 -1
112 105 349
112 107 575
112 109 108
112 111 347
112 113 200
112 115 10
112 117 156
112 119 -1
112 121 159
112 123 -1
112 125 754
112 127 864
113 2 -1
113 4 155
113 6 -1
113 8 -1
113 10 466
113 12 -1
113 14 918
113 16 312
113 18 -1
113 20 419
113 22 353
113 24 21
113 26 620
113 28 842
113 30 516
113 32 592
113 34 -1
113 36 -1
113 38 469
113 40 421
113 42 164
113 44 808
113 46 -1
113 48 -1
113 50 -1
113 52 771
113 54 -1
113 56 777
113 58 -1
113 60 -1
113 62 638
113 64 815
113 66 -1
113 68 657
113 70 411
113 72 117
113 74 114
113 76 -1
113 78 355
113 80 459
113 82 643
113 84 498
113 86 211
113 88 488
113 90 489
113 92 -1
113 94 755
113 96 483
113 98 911
113 100 937
113 102 616
113 104 927
113 106 -1
113 108 40
113 110 -1
113 112 394
113 114 -1
113 116 -1
113 118 894
113 120 112
113 122 838
113 124 -1
113 126 657
113 128 65
114 1 453
114 3 984
114 5 422
114 7 430
114 9 41
114 11 266
114 13 844
114 15 405
114 17 50
114 19 403
114 21 901
114 23 775
114 25 220
114 27 664
114 29 -1
114 31 728
114 33 838
114 35 64
114 37 661
114 39 465
114 41 882
114 43 618
114 45 436
114 47 114
114 49 324
114 51 -1
114 53 988
114 55 614
114 57 236
114 59 450
114 61 -1
114 63 836
114 65 140
114 67 570
114 69 60
114 71 43
114 73 583
114 75 -1
114 77 -1
114 79 633
114 81 474
114 83 85
114 85 866
114 87 489
114 89 281
114 91 -1
114 93 465
114 95 -1
114 97 876
114 99 408
114 101 967
114 103 569
114 105 560
114 107 -1
114 109 -1
114 111 239
114 113 -1
114 115 871
114 117 -1
114 119 968
114 121 20
114 123 375
114 125 776
114 127 461
115 2 472
115 4 31
115 6 158
115 8 -1
115 10 -1
115 12 768
115 14 502
115 16 246
115 18 172
115 20 771
115 22 707
115 24 86
115 26 -1
115 28 -1
115 30 211
115 32 -1
115 34 987
115 36 425
115 38 658
115 40 971
115 42 150
115 44 70
115 46 880
115 48 -1
115 50 -1
115 52 949
115 54 433
115 56 299
115 58 -1
115 60 44
115 62 516
115 64 542
115 66 -1
115 68 506
115 70 212
115 72 356
115 74 921
115 76 -1
115 78 70
115 80 -1
115 82 695
115 84 350
115 86 930
115 88 350
115 90 435
115 92 362
115 94 396
115 96 -1
115 98 892
115 100 222
115 102 845
115 104 -1
115 106 774
115 108 350
115 110 671
115 112 -1
115 114 461
115 116 163
115 118 626
115 120 411
115 122 685
115 124 -1
115 126 685
115 128 690
116 1 283
116 3 324
116 5 407
116 7 819
116 9 73
116 11 -1
116 13 422
116 15 60
116 17 458
116 19 975
116 21 352
116 23 603
116 25 579
116 27 238
116 29 324
116 31 33
116 33 357
116 35 431
116 37 272
116 39 149
116 41 96
116 43 704
116 45 435
116 47 920
116 49 634
116 51 864
116 53 198
116 55 99
116 57 -1
116 59 336
116 61 429
116 63 505
116 65 117
116 67 967
116 69 993
116 71 948
116 73 -1
116 75 392
116 77 305
116 79 828
116 81 71
116 83 471
116 85 150
116 87 -1
116 89 248
116 91 -1
116 93 935
116 95 638
116 97 124
116 99 -1
116 101 493
116 103 258
116 105 833
116 107 199
116 109 949
116 111 926
116 113 92
116 115 197
116 117 324
116 119 406
116 121 234
116 123 491
116 125 939
116 127 79
117 2 233
117 4 -1
117 6 77
117 8 406
117 10 280
117 12 463
117 14 262
117 16 178
117 18 171
117 20 936
117 22 706
117 24 -1
117 26 -1
117 28 3
117 30 890
117 32 478
117 34 875
117 36 935
117 38 610
117 40 629
117 42 979
117 44 328
117 46 513
117 48 -1
117 50 690
117 52 42
117 54 617
117 56 -1
117 58 386
117 60 176
117 62 190
117 64 535
117 66 768
117 68 481
117 70 943
117 72 417
117 74 808
117 76 183
117 78 189
117 80 76
117 82 736
117 84 102
117 86 -1
117 88 921
117 90 462
117 92 463
117 94 465
117 96 735
117 98 999
117 100 316
117 102 790
117 104 -1
117 106 712
117 108 -1
117 110 247
117 112 757
117 114 478
117 116 29
117 118 -1
117 120 -1
117 122 -1
117 124 542
117 126 771
117 128 936
118 1 633
118 3 57
118 5 165
118 7 -1
118 9 -1
118 11 45
118 13 391
118 15 158
118 17 355
118 19 -1
118 21 647
118 23 234
118 25 622
118 27 -1
118 29 283
118 31 335
118 33 916
118 35 375
118 37 -1
118 39 783
118 41 600
118 43 502
118 45 435
118 47 559
118 49 254
118 51 -1
118 53 813
118 55 896
118 57 -1
118 59 922
118 61 727
118 63 104
118 65 469
118 67 93
118 69 882
118 71 173
118 73 -1
118 75 125
118 77 213
118 79 489
118 81 204
118 83 562
118 85 -1
118 87 -1
118 89 -1
118 91 879
118 93 -1
118 95 153
118 97 -1
118 99 -1
118 101 556
118 103 404
118 105 874
118 107 297
118 109 18
118 111 928
118 113 719
118 115 -1
118 117 208
118 119 637
118 121 713
118 123 -1
118 125 439
118 127 157
119 2 297
119 4 466
119 6 595
119 8 34
119 10 436
119 12 843
119 14 827
119 16 -1
119 18 754
119 20 116
119 22 138
119 24 396
119 26 617
119 28 187
119 30 899
119 32 402
119 34 901
119 36 81
119 38 -1
119 40 454
119 42 -1
119 44 889
119 46 -1
119 48 973
119 50 411
119 52 432
119 54 -1
119 56 28
119 58 159
119 60 379
119 62 884
119 64 372
119 66 521
119 68 -1
119 70 773
119 72 -1
119 74 277
119 76 283
119 78 849
119 80 665
119 82 144
119 84 811
119 86 -1
119 88 925
119 90 801
119 92 859
119 94 907
119 96 811
119 98 -1
119 100 944
119 102 -1
119 104 341
119 106 316
119 108 -1
119 110 159
119 112 964
119 114 328
119 116 406
119 118 674
119 120 336
119 122 141
119 124 598
119 126 247
119 128 928
120 1 335
120 3 -1
120 5 279
120 7 477
120 9 319
120 11 493
120 13 -1
120 15 -1
120 17 81
120 19 625
120 21 714
120 23 86
120 25 -1
120 27 883
120 29 524
120 31 442
120 33 5
120 35 -1
120 37 692
120 39 700
120 41 618
120 43 292
120 45 320
120 47 54
120 49 434
120 51 281
120 53 250
120 55 858
120 57 274
120 59 218
120 61 868
120 63 488
120 65 406
120 67 694
120 69 325
120 71 418
120 73 921
120 75 583
120 77 846
120 79 -1
120 81 279
120 83 492
120 85 -1
120 87 -1
120 89 545
120 91 463
120 93 978
120 95 756
120 97 348
120 99 785
120 101 438
120 103 -1
120 105 182
120 107 173
120 109 -1
120 111 107
120 113 557
120 115 257
120 117 -1
120 119 748
120 121 -1
120 123 937
120 125 401
120 127 307
121 2 -1
121 4 415
121 6 -1
121 8 159
121 10 160
121 12 126
121 14 481
121 16 563
121 18 839
121 20 -1
121 22 747
121 24 235
121 26 33
121 28 806
121 30 271
121 32 777
121 34 235
121 36 279
121 38 616
121 40 159
121 42 -1
121 44 458
121 46 784
121 48 112
121 50 224
121 52 719
121 54 400
121 56 789
121 58 -1
121 60 475
121 62 593
121 64 417
121 66 117
121 68 228
121 70 -1
121 72 -1
121 74 982
121 76 54
121 78 266
121 80 512
121 82 854
121 84 779
121 86 279
121 88 907
121 90 122
121 92 -1
121 94 596
121 96 271
121 98 -1
121 100 -1
121 102 809
121 104 571
121 106 149
121 108 537
121 110 170
121 112 575
121 114 128
121 116 -1
121 118 688
121 120 -1
121 122 967
121 124 827
121 126 10
121 128 460
122 1 848
122 3 650
122 5 73
122 7 194
122 9 365
122 11 111
122 13 3
122 15 870
122 17 192
122 19 707
122 21 684
122 23 877
122 25 -1
122 27 704
122 29 217
122 31 -1
122 33 174
122 35 323
122 37 15
122 39 633
122 41 94
122 43 -1
122 45 205
122 47 608
122 49 471
122 51 676
122 53 891
122 55 503
122 57 509
122 59 713
122 61 -1
122 63 281
122 65 -1
122 67 455
122 69 202
122 71 721
122 73 613
122 75 394
122 77 884
122 79 915
122 81 82
122 83 675
122 85 204
122 87 742
122 89 127
122 91 -1
122 93 191
122 95 847
122 97 201
122 99 277
122 101 927
122 103 275
122 105 222
122 107 -1
122 109 183
122 111 922
122 113 280
122 115 -1
122 117 -1
122 119 464
122 121 575
122 123 448
122 125 159
122 127 891
123 2 207
123 4 524
123 6 990
123 8 210
123 10 56
123 12 469
123 14 112
123 16 749
123 18 804
123 20 387
123 22 686
123 24 380
123 26 -1
123 28 179
123 30 917
123 32 -1
123 34 592
123 36 916
123 38 677
123 40 -1
123 42 238
123 44 303
123 46 324
123 48 489
123 50 364
123 52 482
123 54 -1
123 56 824
123 58 -1
123 60 555
123 62 -1
123 64 733
123 66 840
123 68 610
123 70 -1
123 72 -1
123 74 250
123 76 -1
123 78 498
123 80 638
123 82 10
123 84 415
123 86 344
123 88 74
123 90 872
123 92 1000
123 94 -1
123 96 -1
123 98 99
123 100 -1
123 102 154
123 104 260
123 106 746
123 108 640
123 110 21
123 112 845
123 114 764
123 116 14
123 118 -1
123 120 -1
123 122 772
123 124 640
123 126 411
123 128 300
124 1 524
124 3 216
124 5 -1
124 7 -1
124 9 257
124 11 483
124 13 -1
124 15 123
124 17 453
124 19 -1
124 21 457
124 23 837
124 25 -1
124 27 247
124 29 210
124 31 29
124 33 547
124 35 161
124 37 -1
124 39 365
124 41 -1
124 43 -1
124 45 247
124 47 -1
124 49 -1
124 51 -1
124 53 444
124 55 776
124 57 -1
124 59 -1
124 61 705
124 63 806
124 65 604
124 67 915
124 69 188
124 71 675
124 73 646
124 75 -1
124 77 872
124 79 277
124 81 462
124 83 169
124 85 956
124 87 621
124 89 75
124 91 -1
124 93 395
124 95 479
124 97 -1
124 99 82
124 101 717
124 103 -1
124 105 660
124 107 229
124 109 107
124 111 177
124 113 606
124 115 823
124 117 88
124 119 788
124 121 972
124 123 -1
124 125 -1
124 127 -1
125 2 207
125 4 442
125 6 918
125 8 -1
125 10 635
125 12 207
125 14 -1
125 16 -1
125 18 950
125 20 765
125 22 862
125 24 750
125 26 -1
125 28 837
125 30 342
125 32 6
125 34 387
125 36 307
125 38 665
125 40 -1
125 42 -1
125 44 974
125 46 569
125 48 975
125 50 489
125 52 515
125 54 877
125 56 -1
125 58 -1
125 60 94
125 62 152
125 64 -1
125 66 493
125 68 980
125 70 -1
125 72 177
125 74 188
125 76 241
125 78 776
125 80 659
125 82 309
125 84 557
125 86 -1
125 88 71
125 90 326
125 92 42
125 94 860
125 96 -1
125 98 142
125 100 272
125 102 936
125 104 592
125 106 601
125 108 305
125 110 22
125 112 -1
125 114 680
125 116 716
125 118 331
125 120 113
125 122 705
125 124 520
125 126 -1
125 128 380
126 1 -1
126 3 521
126 5 -1
126 7 870
126 9 -1
126 11 -1
126 13 82
126 15 -1
126 17 738
126 19 614
126 21 420
126 23 296
126 25 309
126 27 350
126 29 732
126 31 210
126 33 152
126 35 982
126 37 764
126 39 265
126 41 371
126 43 -1
126 45 184
126 47 -1
126 49 -1
126 51 757
126 53 388
126 55 405
126 57 574
126 59 341
126 61 593
126 63 283
126 65 970
126 67 149
126 69 219
126 71 358
126 73 -1
126 75 235
126 77 -1
126 79 36
126 81 953
126 83 752
126 85 347
126 87 339
126 89 -1
126 91 912
126 93 512
126 95 -1
126 97 624
126 99 583
126 101 333
126 103 187
126 105 814
126 107 623
126 109 131
126 111 798
126 113 746
126 115 527
126 117 811
126 119 -1
126 121 501
126 123 -1
126 125 -1
126 127 320
127 2 578
127 4 997
127 6 192
127 8 358
127 10 479
127 12 440
127 14 235
127 16 -1
127 18 3
127 20 -1
127 22 748
127 24 252
127 26 14
127 28 232
127 30 803
127 32 629
127 34 116
127 36 83
127 38 583
127 40 757
127 42 900
127 44 904
127 46 961
127 48 995
127 50 140
127 52 543
127 54 300
127 56 -1
127 58 -1
127 60 622
127 62 530
127 64 807
127 66 601
127 68 67
127 70 90
127 72 308
127 74 644
127 76 432
127 78 602
127 80 685
127 82 561
127 84 44
127 86 63
127 88 601
127 90 359
127 92 610
127 94 -1
127 96 -1
127 98 749
127 100 394
127 102 336
127 104 519
127 106 328
127 108 906
127 110 -1
127 112 -1
127 114 856
127 116 454
127 118 274
127 120 223
127 122 192
127 124 -1
127 126 551
127 128 195
128 1 448
128 3 891
128 5 60
128 7 787
128 9 928
128 11 222
128 13 687
128 15 503
128 17 188
128 19 998
128 21 874
128 23 -1
128 25 -1
128 27 39
128 29 -1
128 31 941
128 33 692
128 35 250
128 37 972
128 39 66
128 41 136
128 43 660
128 45 533
128 47 307
128 49 307
128 51 405
128 53 200
128 55 -1
128 57 -1
128 59 241
128 61 85
128 63 -1
128 65 377
128 67 881
128 69 995
128 71 430
128 73 656
128 75 831
128 77 173
128 79 -1
128 81 625
128 83 364
128 85 959
128 87 188
128 89 480
128 91 556
128 93 362
128 95 664
128 97 368
128 99 432
128 101 404
128 103 255
128 105 325
128 107 -1
128 109 -1
128 111 940
128 113 -1
128 115 916
128 117 153
128 119 445
128 121 385
128 123 752
128 125 862
128 127 -1

