16 16
2 2
128
1 2 738
1 4 766
1 6 563
1 8 -1
1 10 -1
1 12 79
1 14 521
1 16 962
2 1 565
2 3 -1
2 5 631
2 7 -1
2 9 502
2 11 -1
2 13 124
2 15 811
3 2 440
3 4 189
3 6 23
3 8 -1
3 10 950
3 12 618
3 14 957
3 16 495
4 1 901
4 3 125
4 5 714
4 7 -1
4 9 61
4 11 300
4 13 766
4 15 -1
5 2 -1
5 4 83
5 6 214
5 8 -1
5 10 -1
5 12 439
5 14 890
5 16 152
6 1 -1
6 3 551
6 5 603
6 7 -1
6 9 79
6 11 873
6 13 417
6 15 574
7 2 122
7 4 490
7 6 972
7 8 -1
7 10 537
7 12 952
7 14 984
7 16 15
8 1 989
8 3 -1
8 5 539
8 7 881
8 9 733
8 11 -1
8 13 605
8 15 727
9 2 210
9 4 363
9 6 635
9 8 872
9 10 941
9 12 103
9 14 -1
9 16 439
10 1 251
10 3 718
10 5 869
10 7 48
10 9 301
10 11 59
10 13 89
10 15 690
11 2 905
11 4 -1
11 6 -1
11 8 470
11 10 29
11 12 334
11 14 834
11 16 25
12 1 659
12 3 215
12 5 -1
12 7 83
12 9 501
12 11 637
12 13 242
12 15 721
13 2 289
13 4 193
13 6 446
13 8 946
13 10 377
13 12 525
13 14 510
13 16 542
14 1 -1
14 3 169
14 5 488
14 7 430
14 9 769
14 11 -1
14 13 -1
14 15 855
15 2 826
15 4 -1
15 6 -1
15 8 335
15 10 25
15 12 823
15 14 60
15 16 -1
16 1 928
16 3 842
16 5 142
16 7 989
16 9 793
16 11 270
16 13 378
16 15 130

