32 32
21 31
512
1 2 277
1 4 896
1 6 963
1 8 -1
1 10 432
1 12 919
1 14 593
1 16 903
1 18 963
1 20 647
1 22 -1
1 24 -1
1 26 67
1 28 998
1 30 366
1 32 86
2 1 -1
2 3 -1
2 5 607
2 7 263
2 9 980
2 11 -1
2 13 763
2 15 -1
2 17 -1
2 19 490
2 21 396
2 23 112
2 25 758
2 27 881
2 29 503
2 31 502
3 2 536
3 4 49
3 6 246
3 8 121
3 10 31
3 12 595
3 14 218
3 16 435
3 18 202
3 20 690
3 22 -1
3 24 154
3 26 497
3 28 409
3 30 740
3 32 -1
4 1 -1
4 3 467
4 5 102
4 7 942
4 9 805
4 11 252
4 13 151
4 15 -1
4 17 859
4 19 -1
4 21 413
4 23 -1
4 25 -1
4 27 -1
4 29 625
4 31 790
5 2 650
5 4 -1
5 6 580
5 8 -1
5 10 398
5 12 -1
5 14 730
5 16 329
5 18 485
5 20 855
5 22 73
5 24 845
5 26 175
5 28 906
5 30 -1
5 32 199
6 1 859
6 3 484
6 5 129
6 7 -1
6 9 419
6 11 837
6 13 254
6 15 334
6 17 805
6 19 514
6 21 804
6 23 755
6 25 289
6 27 257
6 29 575
6 31 745
7 2 733
7 4 680
7 6 213
7 8 31
7 10 614
7 12 389
7 14 490
7 16 -1
7 18 646
7 20 315
7 22 46
7 24 -1
7 26 -1
7 28 541
7 30 301
7 32 265
8 1 184
8 3 259
8 5 493
8 7 184
8 9 233
8 11 -1
8 13 804
8 15 793
8 17 628
8 19 938
8 21 260
8 23 -1
8 25 512
8 27 -1
8 29 53
8 31 260
9 2 14
9 4 26
9 6 -1
9 8 645
9 10 246
9 12 630
9 14 995
9 16 281
9 18 347
9 20 529
9 22 862
9 24 552
9 26 665
9 28 513
9 30 -1
9 32 910
10 1 958
10 3 -1
10 5 983
10 7 65
10 9 419
10 11 808
10 13 139
10 15 603
10 17 -1
10 19 950
10 21 936
10 23 -1
10 25 -1
10 27 144
10 29 702
10 31 873
11 2 673
11 4 265
11 6 409
11 8 965
11 10 -1
11 12 944
11 14 362
11 16 680
11 18 904
11 20 270
11 22 583
11 24 598
11 26 519
11 28 319
11 30 336
11 32 456
12 1 902
12 3 629
12 5 350
12 7 847
12 9 -1
12 11 142
12 13 328
12 15 520
12 17 148
12 19 801
12 21 736
12 23 407
12 25 987
12 27 934
12 29 376
12 31 25
13 2 63
13 4 369
13 6 315
13 8 144
13 10 952
13 12 69
13 14 529
13 16 809
13 18 94
13 20 837
13 22 429
13 24 444
13 26 635
13 28 984
13 30 538
13 32 103
14 1 -1
14 3 823
14 5 640
14 7 393
14 9 760
14 11 289
14 13 -1
14 15 -1
14 17 198
14 19 -1
14 21 511
14 23 854
14 25 17
14 27 705
14 29 -1
14 31 40
15 2 915
15 4 -1
15 6 867
15 8 938
15 10 364
15 12 508
15 14 505
15 16 871
15 18 96
15 20 444
15 22 -1
15 24 306
15 26 626
15 28 472
15 30 300
15 32 299
16 1 136
16 3 89
16 5 431
16 7 540
16 9 176
16 11 757
16 13 142
16 15 -1
16 17 36
16 19 -1
16 21 831
16 23 -1
16 25 136
16 27 476
16 29 403
16 31 30
17 2 399
17 4 12
17 6 808
17 8 745
17 10 802
17 12 795
17 14 751
17 16 -1
17 18 396
17 20 967
17 22 -1
17 24 -1
17 26 614
17 28 284
17 30 936
17 32 596
18 1 395
18 3 435
18 5 484
18 7 274
18 9 494
18 11 898
18 13 40
18 15 886
18 17 268
18 19 828
18 21 121
18 23 383
18 25 899
18 27 -1
18 29 -1
18 31 32
19 2 -1
19 4 426
19 6 305
19 8 532
19 10 517
19 12 547
19 14 -1
19 16 34
19 18 566
19 20 95
19 22 904
19 24 770
19 26 712
19 28 110
19 30 874
19 32 -1
20 1 905
20 3 369
20 5 309
20 7 573
20 9 78
20 11 -1
20 13 976
20 15 -1
20 17 10
20 19 967
20 21 448
20 23 535
20 25 -1
20 27 911
20 29 128
20 31 97
21 2 407
21 4 257
21 6 -1
21 8 939
21 10 -1
21 12 863
21 14 65
21 16 43
21 18 505
21 20 -1
21 22 857
21 24 385
21 26 562
21 28 729
21 30 181
21 32 665
22 1 961
22 3 310
22 5 274
22 7 -1
22 9 212
22 11 -1
22 13 -1
22 15 933
22 17 82
22 19 609
22 21 772
22 23 794
22 25 746
22 27 95
22 29 178
22 31 549
23 2 297
23 4 353
23 6 410
23 8 587
23 10 778
23 12 799
23 14 929
23 16 -1
23 18 -1
23 20 -1
23 22 165
23 24 182
23 26 740
23 28 623
23 30 162
23 32 718
24 1 186
24 3 -1
24 5 -1
24 7 167
24 9 47
24 11 693
24 13 556
24 15 638
24 17 771
24 19 42
24 21 131
24 23 726
24 25 83
24 27 -1
24 29 705
24 31 -1
25 2 695
25 4 36
25 6 -1
25 8 -1
25 10 -1
25 12 56
25 14 915
25 16 274
25 18 37
25 20 391
25 22 238
25 24 621
25 26 593
25 28 446
25 30 613
25 32 337
26 1 619
26 3 11
26 5 263
26 7 934
26 9 463
26 11 319
26 13 -1
26 15 592
26 17 211
26 19 873
26 21 648
26 23 761
26 25 927
26 27 813
26 29 903
26 31 870
27 2 397
27 4 582
27 6 63
27 8 80
27 10 638
27 12 471
27 14 594
27 16 849
27 18 825
27 20 296
27 22 -1
27 24 57
27 26 685
27 28 357
27 30 249
27 32 -1
28 1 819
28 3 888
28 5 677
28 7 -1
28 9 756
28 11 565
28 13 277
28 15 120
28 17 132
28 19 868
28 21 923
28 23 -1
28 25 979
28 27 647
28 29 591
28 31 277
29 2 -1
29 4 95
29 6 895
29 8 284
29 10 421
29 12 651
29 14 917
29 16 268
29 18 322
29 20 -1
29 22 541
29 24 937
29 26 564
29 28 171
29 30 943
29 32 427
30 1 190
30 3 -1
30 5 797
30 7 160
30 9 877
30 11 174
30 13 -1
30 15 -1
30 17 158
30 19 478
30 21 934
30 23 372
30 25 -1
30 27 956
30 29 696
30 31 13
31 2 238
31 4 209
31 6 872
31 8 575
31 10 385
31 12 427
31 14 883
31 16 584
31 18 463
31 20 802
31 22 404
31 24 18
31 26 427
31 28 -1
31 30 -1
31 32 450
32 1 -1
32 3 -1
32 5 895
32 7 818
32 9 896
32 11 668
32 13 454
32 15 596
32 17 752
32 19 660
32 21 -1
32 23 462
32 25 757
32 27 -1
32 29 -1
32 31 885

