101 51
60 30
669
1 18 49352
1 35 68589
2 3 89495
2 18 55640
2 35 4764
3 3 61291
3 18 83431
3 35 74077
4 3 90984
4 18 1008
4 35 82456
5 1 1413
5 2 7070
5 3 71353
5 4 80723
5 5 52166
5 6 69515
5 7 99097
5 8 98404
5 9 36225
5 10 40320
5 11 29106
5 12 18675
5 13 10034
5 14 37265
5 15 60104
5 16 80076
5 17 73710
5 18 90457
5 35 14226
6 3 9462
6 18 25090
6 35 5380
7 3 13697
7 18 47253
7 35 96152
8 3 69112
8 18 23895
8 35 69145
9 3 41732
9 18 97490
9 35 90843
10 3 17587
10 18 2494
10 35 44874
11 3 86153
11 18 41356
11 35 10876
12 3 56839
12 18 72226
12 35 2691
13 1 12492
13 2 67420
13 3 31549
13 4 9586
13 5 69482
13 6 18932
13 7 50922
13 8 60269
13 9 1071
13 10 18375
13 11 78173
13 12 64679
13 13 31941
13 14 83095
13 15 1839
13 16 78643
13 17 90116
13 18 456
13 19 87907
13 20 30632
13 21 86929
13 22 84147
13 23 19424
13 24 2936
13 25 68934
13 26 24559
13 27 50284
13 28 40905
13 29 48701
13 30 99110
13 31 91894
13 32 77545
13 33 82881
13 34 23442
13 35 87130
13 36 52363
13 37 42373
13 38 54403
13 39 28983
13 40 59795
13 41 72777
13 42 7155
13 43 40825
13 44 21069
13 45 6601
13 46 42663
13 47 99711
13 48 96717
13 49 43119
13 50 3970
13 51 43700
14 18 72853
14 35 95724
15 18 63063
15 35 82764
16 1 91738
16 2 34539
16 3 1365
16 4 86696
16 5 47112
16 6 97737
16 7 26733
16 8 54997
16 9 83374
16 10 77051
16 11 49325
16 12 60668
16 13 -1
16 14 76520
16 15 12846
16 16 68055
16 17 91407
16 18 87775
16 35 40439
17 18 44762
17 35 63779
18 18 26315
18 35 88775
19 18 90203
19 35 31845
20 18 55697
20 35 35325
21 18 34628
21 35 12972
22 18 54492
22 35 13795
23 18 86380
23 35 24587
24 18 15853
24 35 9790
25 18 65511
25 35 98793
26 1 46399
26 2 4468
26 3 63123
26 4 65687
26 5 89753
26 6 4033
26 7 32322
26 8 30658
26 9 52734
26 10 47783
26 11 22551
26 12 46630
26 13 30664
26 14 62345
26 15 50111
26 16 99378
26 17 4717
26 18 4513
26 19 28360
26 20 80864
26 21 77290
26 22 51866
26 23 21688
26 24 98358
26 25 58467
26 26 64351
26 27 14421
26 28 71535
26 29 23821
26 30 18390
26 31 15234
26 32 86571
26 33 39209
26 34 94708
26 35 52257
26 36 28962
26 37 98740
26 38 931
26 39 75971
26 40 67825
26 41 48713
26 42 14873
26 43 14454
26 44 79376
26 45 77217
26 46 64564
26 47 78753
26 48 98286
26 49 69077
26 50 23464
26 51 79149
27 26 49064
28 26 39756
29 26 73124
30 26 19135
31 26 87820
32 26 47693
33 26 82936
34 26 11887
35 26 80
36 26 28167
37 26 27894
38 1 62718
38 2 75330
38 3 17188
38 4 77427
38 5 50148
38 6 97890
38 7 91847
38 8 21682
38 9 38062
38 10 26588
38 11 53267
38 12 24633
38 13 65797
38 14 47974
38 15 93241
38 16 11110
38 17 63065
38 18 94171
38 19 87080
38 20 30890
38 21 42884
38 22 18304
38 23 45343
38 24 38611
38 25 95521
38 26 9907
38 27 17364
38 28 93806
38 29 95335
38 30 40827
38 31 89306
38 32 58052
38 33 32508
38 34 22845
38 35 35478
38 36 82655
38 37 20735
38 38 27325
38 39 20688
38 40 58796
38 41 70264
38 42 73954
38 43 99780
38 44 52412
38 45 38279
38 46 93021
38 47 63521
38 48 1344
38 49 87191
38 50 66952
38 51 32233
51 1 46426
51 2 85256
51 3 77575
51 4 85037
51 5 80776
51 6 3833
51 7 18752
51 8 90933
51 9 15519
51 10 75930
51 11 96590
51 12 73570
51 13 8438
51 14 19434
51 15 9048
51 16 7444
51 17 56520
51 18 52724
51 19 44484
51 20 31668
51 21 39339
51 22 18437
51 23 31447
51 24 91751
51 25 56716
51 26 24467
51 27 71623
51 28 58059
51 29 28010
51 30 38575
51 31 6643
51 32 74435
51 33 40182
51 34 569
51 35 75823
51 36 37309
51 37 4402
51 38 94574
51 39 28241
51 40 19920
51 41 70504
51 42 41182
51 43 9842
51 44 95293
51 45 76967
51 46 35241
51 47 19088
51 48 33487
51 49 4316
51 50 63571
51 51 81506
52 1 65169
52 3 6559
52 5 31800
52 7 92743
52 9 24980
52 11 24204
52 21 38011
52 31 60902
52 32 18626
52 34 12970
52 36 71975
52 38 74709
52 40 33482
52 41 81802
53 2 95923
53 4 32523
53 6 50745
53 8 5810
53 10 92208
53 11 81387
53 21 29819
53 25 48774
53 31 35529
53 33 90287
53 35 -1
53 37 62130
53 39 63600
53 41 43371
54 1 35802
54 3 34219
54 5 36629
54 7 34760
54 9 88165
54 11 44938
54 21 93648
54 25 54941
54 31 97663
54 32 26450
54 34 62449
54 36 43531
54 38 99149
54 40 7512
54 41 9282
55 2 28697
55 4 46994
55 6 58256
55 8 10004
55 10 90989
55 11 60854
55 21 94666
55 25 24174
55 31 30997
55 33 -1
55 35 87587
55 37 57140
55 39 66774
55 41 74102
56 1 71979
56 3 4482
56 5 45548
56 7 15323
56 9 30174
56 11 3447
56 21 26209
56 25 97801
56 31 28051
56 32 67892
56 34 58106
56 36 42769
56 38 53732
56 40 10128
56 41 97470
57 2 34807
57 4 19536
57 6 11356
57 8 32985
57 10 27366
57 11 67121
57 21 55356
57 25 36648
57 31 62788
57 33 11537
57 35 39597
57 37 18478
57 39 71476
57 41 69950
58 1 50784
58 3 90833
58 5 40374
58 7 25626
58 9 32790
58 11 76876
58 21 24398
58 25 87475
58 31 25352
58 32 14959
58 34 91424
58 36 20575
58 38 14042
58 40 3138
58 41 37830
59 2 1712
59 4 36228
59 6 25621
59 8 61419
59 10 82187
59 11 24623
59 21 4390
59 25 26704
59 31 99343
59 33 47077
59 35 73994
59 37 25010
59 39 90272
59 41 23045
60 1 64825
60 3 90271
60 5 2371
60 7 40524
60 9 64093
60 11 13389
60 21 42690
60 25 42324
60 31 65924
60 32 40038
60 34 17186
60 36 36352
60 38 25840
60 40 37748
60 41 39245
61 2 89207
61 4 56656
61 6 45357
61 8 78182
61 10 63757
61 11 89379
61 21 88154
61 25 15695
61 31 65877
61 33 47377
61 35 52944
61 37 38638
61 39 52871
61 41 16517
62 1 3947
62 3 32092
62 5 88013
62 7 54653
62 9 31359
62 11 34574
62 21 31713
62 25 87367
62 31 80635
62 32 33518
62 34 -1
62 36 53007
62 38 47153
62 40 44791
62 41 61682
63 2 73727
63 4 70185
63 6 96894
63 8 81975
63 10 24261
63 11 24206
63 21 62988
63 25 52356
63 31 80076
63 33 64279
63 35 85096
63 37 16926
63 39 81946
63 41 83611
64 1 43654
64 2 98360
64 3 12952
64 4 51756
64 5 71427
64 6 53771
64 7 23379
64 8 45837
64 9 98132
64 10 78305
64 11 52479
64 12 88918
64 13 18486
64 14 53047
64 15 64741
64 16 55794
64 17 73800
64 18 75666
64 19 386
64 20 10072
64 21 62521
64 22 57919
64 23 19913
64 24 74165
64 25 34885
64 26 55153
64 27 93253
64 28 84723
64 29 59468
64 30 73175
64 31 66228
64 32 19473
64 33 71534
64 34 95532
64 35 71229
64 36 42960
64 37 65654
64 38 10959
64 39 5148
64 40 63785
64 41 89263
64 42 57626
64 43 69054
64 44 24100
64 45 10673
64 46 33794
64 47 96245
64 48 824
64 49 25812
64 50 96630
64 51 10895
76 1 4684
76 2 54548
76 3 30807
76 4 78849
76 5 5784
76 6 2311
76 7 88453
76 8 90507
76 9 78130
76 10 61627
76 11 56734
76 12 97603
76 13 49513
76 14 52265
76 15 85183
76 16 8824
76 17 17918
76 18 12493
76 19 13972
76 20 98054
76 21 18107
76 22 87949
76 23 67108
76 24 42206
76 25 98621
76 26 17253
76 27 38450
76 28 15797
76 29 59416
76 30 51431
76 31 26691
76 32 64100
76 33 22330
76 34 73850
76 35 42948
76 36 28113
76 37 76160
76 38 47752
76 39 18619
76 40 54290
76 41 9378
76 42 91705
76 43 68244
76 44 75242
76 45 60321
76 46 53426
76 47 84066
76 48 94591
76 49 82270
76 50 14389
76 51 92644
89 1 376
89 2 2337
89 3 76103
89 4 42581
89 5 17310
89 6 93356
89 7 97382
89 8 33106
89 9 52771
89 10 65164
89 11 59796
89 12 33222
89 13 87493
89 14 49997
89 15 76169
89 16 31957
89 17 26157
89 18 40272
89 19 66928
89 20 80446
89 21 66002
89 22 74984
89 23 65041
89 24 41243
89 25 35304
89 26 34818
89 27 41660
89 28 46246
89 29 17087
89 30 56048
89 31 55242
89 32 17462
89 33 58385
89 34 31344
89 35 76394
89 36 92046
89 37 41051
89 38 90127
89 39 25151
89 40 93822
89 41 55290
89 42 1298
89 43 43395
89 44 59134
89 45 51295
89 46 19564
89 47 7442
89 48 77451
89 49 76187
89 50 74369
89 51 74248
90 13 86487
90 26 57051
90 39 43956
91 13 23447
91 26 96461
91 39 42741
92 13 17178
92 26 87478
92 39 13043
93 13 25756
93 26 31152
93 39 73331
94 13 68237
94 26 93930
94 39 44590
95 13 12001
95 26 73779
95 39 8050
96 13 90034
96 26 68981
96 39 86317
97 13 61478
97 26 16974
97 39 15826
98 13 13448
98 26 13024
98 39 73006
99 13 54794
99 26 85498
99 39 32782
100 13 78403
100 26 95008
100 39 56063
101 13 58898
101 26 12986
101 39 7987

