51 101
40 80
1139
1 26 40429
1 51 83621
1 76 64124
1 78 53624
1 80 52570
1 82 69773
1 84 63083
1 86 41162
1 88 51157
1 90 76724
1 92 85668
1 94 -1
1 96 86319
1 98 5764
1 100 46979
2 26 73812
2 51 27256
2 76 86141
2 77 34569
2 79 18014
2 81 6640
2 83 1826
2 85 65741
2 87 64017
2 89 65602
2 91 58446
2 93 11346
2 95 89117
2 97 64122
2 99 76752
2 101 8086
3 26 77763
3 51 32892
3 76 22281
3 78 55767
3 80 25312
3 82 28463
3 84 74415
3 86 16019
3 88 58594
3 90 8853
3 92 30025
3 94 36050
3 96 43053
3 98 17235
3 100 81893
4 26 63156
4 51 59333
4 76 59961
4 77 45483
4 79 65468
4 81 63170
4 83 1655
4 85 3754
4 87 54384
4 89 3199
4 91 95044
4 93 42557
4 95 69764
4 97 94322
4 99 73334
4 101 95413
5 26 99708
5 51 74352
5 76 95322
5 78 41218
5 80 3488
5 82 51702
5 84 69123
5 86 87555
5 88 23425
5 90 67580
5 92 -1
5 94 21963
5 96 52078
5 98 87141
5 100 26021
6 26 8915
6 51 7766
6 76 652
6 77 57409
6 79 67803
6 81 83467
6 83 85312
6 85 55742
6 87 19692
6 89 82364
6 91 64325
6 93 72568
6 95 39308
6 97 80548
6 99 27008
6 101 74936
7 26 21824
7 51 20783
7 76 85575
7 78 2327
7 80 66730
7 82 51909
7 84 54832
7 86 14037
7 88 50587
7 90 54502
7 92 30010
7 94 1531
7 96 75557
7 98 44608
7 100 95176
8 26 14606
8 51 59520
8 76 56795
8 77 26252
8 79 -1
8 81 69611
8 83 74392
8 85 29614
8 87 31776
8 89 21080
8 91 61848
8 93 2653
8 95 7728
8 97 70999
8 99 48362
8 101 31939
9 26 90992
9 51 31966
9 76 59572
9 78 53451
9 80 21694
9 82 9321
9 84 44178
9 86 21418
9 88 28682
9 90 78835
9 92 64980
9 94 65312
9 96 99227
9 98 59552
9 100 43656
10 26 56
10 51 64115
10 76 8369
10 77 36584
10 79 97687
10 81 8900
10 83 78383
10 85 60122
10 87 80277
10 89 38389
10 91 70836
10 93 54594
10 95 71967
10 97 74165
10 99 76743
10 101 55709
11 26 95837
11 51 59649
11 76 76146
11 78 66634
11 80 10552
11 82 98891
11 84 57647
11 86 64784
11 88 -1
11 90 43166
11 92 19028
11 94 25525
11 96 30687
11 98 -1
11 100 6844
12 26 92830
12 51 92121
12 76 72327
12 77 75174
12 79 70704
12 81 32108
12 83 88813
12 85 56118
12 87 19427
12 89 -1
12 91 34670
12 93 72438
12 95 11291
12 97 22856
12 99 584
12 101 63106
13 26 78372
13 51 4543
13 76 91989
13 78 46704
13 80 8789
13 82 636
13 84 81181
13 86 16767
13 88 44256
13 90 35682
13 92 36682
13 94 84202
13 96 38622
13 98 82562
13 100 82821
14 26 25615
14 51 33460
14 76 3401
14 77 82746
14 79 81013
14 81 63911
14 83 42140
14 85 37910
14 87 32973
14 89 13344
14 91 50693
14 93 77374
14 95 27026
14 97 43371
14 99 53237
14 101 99761
15 26 45122
15 51 69883
15 76 21570
15 78 62794
15 80 35620
15 82 92526
15 84 67642
15 86 18045
15 88 50360
15 90 58517
15 92 43816
15 94 59517
15 96 21993
15 98 3620
15 100 21509
16 26 58921
16 51 67698
16 76 51322
16 77 45124
16 79 10703
16 81 25155
16 83 39274
16 85 25489
16 87 49914
16 89 93258
16 91 24256
16 93 81810
16 95 20542
16 97 95587
16 99 31814
16 101 37867
17 26 6443
17 51 33167
17 76 77753
17 78 98015
17 80 2227
17 82 4835
17 84 33459
17 86 94766
17 88 58704
17 90 62913
17 92 8931
17 94 18557
17 96 63085
17 98 62546
17 100 50130
18 1 18121
18 2 56646
18 3 36801
18 4 51032
18 5 68563
18 6 21441
18 7 81434
18 8 50544
18 9 98960
18 10 29753
18 11 65557
18 12 79051
18 13 41051
18 14 31331
18 15 8807
18 16 93738
18 17 43567
18 18 59579
18 19 93840
18 20 34359
18 21 64220
18 22 79880
18 23 40726
18 24 39885
18 25 18123
18 26 63634
18 27 52307
18 28 2096
18 29 41019
18 30 13686
18 31 32505
18 32 75492
18 33 70331
18 34 85657
18 35 42875
18 36 38893
18 37 7097
18 38 24308
18 39 5788
18 40 6056
18 41 70413
18 42 87697
18 43 1458
18 44 27815
18 45 19027
18 46 26617
18 47 21552
18 48 78946
18 49 86195
18 50 15391
18 51 13304
18 52 66767
18 53 95270
18 54 54030
18 55 23003
18 56 29744
18 57 34015
18 58 75310
18 59 48191
18 60 91386
18 61 88995
18 62 97047
18 63 66877
18 64 75677
18 65 82703
18 66 9751
18 67 30921
18 68 89800
18 69 50410
18 70 53061
18 71 12207
18 72 20822
18 73 40757
18 74 13665
18 75 48637
18 76 76135
18 77 56633
18 78 86540
18 79 71432
18 80 42827
18 81 1931
18 82 84736
18 83 9593
18 84 13552
18 85 55117
18 86 48948
18 87 59648
18 88 5483
18 89 24257
18 90 24190
18 91 96868
18 92 29603
18 93 21237
18 94 63744
18 95 5279
18 96 3939
18 97 73494
18 98 52551
18 99 93738
18 100 23904
18 101 5611
19 11 62068
19 21 55099
19 31 96162
19 33 77546
19 35 3404
19 37 95176
19 39 729
19 41 87866
19 43 95264
19 45 76988
19 47 20964
19 49 8736
19 51 39545
19 61 13331
19 71 64766
19 81 82406
19 91 45874
19 93 25362
19 95 14009
19 97 5467
19 99 13695
19 101 67963
20 11 63795
20 21 55467
20 31 92201
20 32 30214
20 34 81621
20 36 68950
20 38 66727
20 40 12417
20 41 82471
20 42 66516
20 44 56923
20 46 24371
20 48 55995
20 50 33345
20 51 20374
20 61 53730
20 71 83965
20 81 29719
20 91 48782
20 92 75604
20 94 19921
20 96 13358
20 98 62206
20 100 85838
21 11 33386
21 21 72613
21 31 10791
21 33 87566
21 35 17635
21 37 32030
21 39 99636
21 41 10914
21 43 35083
21 45 98745
21 47 28813
21 49 96732
21 51 24083
21 61 56203
21 71 33228
21 81 62278
21 91 73282
21 93 57798
21 95 47774
21 97 5688
21 99 29507
21 101 60455
22 11 33522
22 21 84277
22 31 34635
22 32 57937
22 34 32206
22 36 639
22 38 51010
22 40 90050
22 41 72205
22 42 58323
22 44 45720
22 46 93193
22 48 66732
22 50 65756
22 51 96494
22 61 93995
22 71 99082
22 81 14072
22 91 40729
22 92 97093
22 94 66514
22 96 14660
22 98 28323
22 100 31801
23 11 1661
23 21 90375
23 31 92316
23 33 56169
23 35 67890
23 37 41139
23 39 60908
23 41 63320
23 43 66511
23 45 31864
23 47 -1
23 49 5138
23 51 11588
23 61 72007
23 71 91318
23 81 76201
23 91 33969
23 93 61121
23 95 60861
23 97 61585
23 99 90595
23 101 54247
24 11 19895
24 21 91152
24 31 91474
24 32 27291
24 34 22532
24 36 35733
24 38 21636
24 40 34412
24 41 83447
24 42 86219
24 44 95248
24 46 99623
24 48 89289
24 50 46010
24 51 92519
24 61 61138
24 71 67548
24 81 14824
24 91 76284
24 92 53365
24 94 41806
24 96 82185
24 98 40957
24 100 87865
25 11 47889
25 21 63713
25 31 36810
25 33 5428
25 35 99477
25 37 97172
25 39 44157
25 41 61840
25 43 56323
25 45 23750
25 47 31692
25 49 13594
25 51 28091
25 61 67489
25 62 18023
25 63 53369
25 64 61319
25 65 17965
25 66 17969
25 67 1348
25 68 51656
25 69 77962
25 70 10993
25 71 89600
25 81 85166
25 91 34665
25 93 18188
25 95 19930
25 97 96057
25 99 73034
25 101 79294
26 11 75850
26 21 49539
26 31 25889
26 32 74138
26 34 18204
26 36 57702
26 38 71316
26 40 77106
26 41 63080
26 42 46726
26 44 62872
26 46 53036
26 48 83415
26 50 15134
26 51 46737
26 61 55284
26 71 9017
26 81 77783
26 91 94121
26 92 53367
26 94 61293
26 96 21455
26 98 37500
26 100 63020
27 11 38474
27 21 53697
27 31 4046
27 33 75100
27 35 55247
27 37 98351
27 39 74801
27 41 2647
27 43 5726
27 45 72046
27 47 86549
27 49 46150
27 51 23880
27 61 94540
27 71 90226
27 81 45874
27 91 63186
27 93 4832
27 95 36493
27 97 50225
27 99 43186
27 101 46721
28 11 116
28 21 8607
28 31 50101
28 32 4227
28 34 3802
28 36 66453
28 38 5388
28 40 5296
28 41 17278
28 42 47261
28 44 13681
28 46 78808
28 48 66639
28 50 54229
28 51 85690
28 61 25806
28 71 41255
28 81 787
28 91 18200
28 92 8943
28 94 32358
28 96 82313
28 98 63460
28 100 1849
29 11 80684
29 21 16020
29 31 34427
29 33 46668
29 35 16721
29 37 77321
29 39 1343
29 41 79560
29 43 56090
29 45 94470
29 47 71454
29 49 36071
29 51 5099
29 61 63279
29 71 77853
29 81 13739
29 91 79641
29 93 92883
29 95 83167
29 97 2146
29 99 93405
29 101 49373
30 11 2175
30 21 53135
30 31 75321
30 32 25648
30 34 60612
30 36 34168
30 38 73470
30 40 70805
30 41 42651
30 42 40612
30 44 84720
30 46 84982
30 48 92368
30 50 98741
30 51 62922
30 61 28028
30 71 68188
30 81 68520
30 91 40314
30 92 64095
30 94 21863
30 96 33545
30 98 35617
30 100 79620
31 11 33574
31 21 10179
31 31 13783
31 33 83544
31 35 38607
31 37 74744
31 39 59111
31 41 66388
31 43 73375
31 45 81439
31 47 96680
31 49 30257
31 51 29444
31 61 81918
31 71 20154
31 81 53424
31 91 75694
31 93 24132
31 95 79948
31 97 17434
31 99 1255
31 101 50310
32 11 96221
32 21 94440
32 31 5877
32 32 67988
32 34 56182
32 36 99760
32 38 55439
32 40 40005
32 41 63668
32 42 97825
32 44 94396
32 46 11576
32 48 52579
32 50 86004
32 51 8843
32 61 19176
32 71 5197
32 81 94856
32 91 59366
32 92 56350
32 94 91023
32 96 13720
32 98 76841
32 100 65517
33 11 96940
33 21 16929
33 31 47139
33 33 67757
33 35 67781
33 37 63060
33 39 28861
33 41 16701
33 43 96089
33 45 64873
33 47 90616
33 49 25149
33 51 27140
33 61 48401
33 71 9428
33 81 68836
33 91 1980
33 93 96251
33 95 96769
33 97 30199
33 99 6551
33 101 23395
34 11 92186
34 21 59916
34 31 86395
34 32 96807
34 34 86641
34 36 90501
34 38 62271
34 40 7009
34 41 34168
34 42 56389
34 44 65327
34 46 12784
34 48 16370
34 50 75687
34 51 69724
34 61 6000
34 71 10728
34 81 3003
34 91 36988
34 92 64503
34 94 91084
34 96 20366
34 98 -1
34 100 37973
35 1 5945
35 2 61077
35 3 62719
35 4 35961
35 5 26065
35 6 55206
35 7 92593
35 8 12605
35 9 26637
35 10 51771
35 11 30887
35 12 27724
35 13 77716
35 14 60790
35 15 99192
35 16 26663
35 17 36789
35 18 4675
35 19 50919
35 20 60979
35 21 17894
35 22 80521
35 23 82215
35 24 81638
35 25 2151
35 26 2505
35 27 71483
35 28 71053
35 29 12595
35 30 11738
35 31 76664
35 32 18539
35 33 89167
35 34 55734
35 35 70851
35 36 15231
35 37 10939
35 38 79795
35 39 44187
35 40 53928
35 41 31565
35 42 75073
35 43 98003
35 44 9280
35 45 35863
35 46 97195
35 47 35942
35 48 72651
35 49 18221
35 50 3212
35 51 49981
35 52 36114
35 53 83732
35 54 48547
35 55 34103
35 56 2234
35 57 51052
35 58 5586
35 59 73287
35 60 63646
35 61 33675
35 62 66302
35 63 98536
35 64 22841
35 65 22035
35 66 85738
35 67 54424
35 68 49326
35 69 65532
35 70 98610
35 71 19605
35 72 97096
35 73 73683
35 74 17607
35 75 6376
35 76 25897
35 77 31153
35 78 58669
35 79 14899
35 80 65725
35 81 61881
35 82 64880
35 83 1839
35 84 61964
35 85 13426
35 86 35941
35 87 64198
35 88 80829
35 89 57878
35 90 53836
35 91 60826
35 92 7905
35 93 20137
35 94 75713
35 95 30745
35 96 58523
35 97 61450
35 98 85168
35 99 24200
35 100 26981
35 101 83778
36 26 57428
36 51 25307
36 76 96282
36 77 32013
36 79 54064
36 81 39271
36 83 80077
36 85 26117
36 87 15011
36 89 48392
36 91 3633
36 93 61492
36 95 88931
36 97 62163
36 99 87656
36 101 62626
37 26 94815
37 51 55375
37 76 46924
37 78 17844
37 80 22580
37 82 75018
37 84 92665
37 86 52248
37 88 57995
37 90 60001
37 92 30086
37 94 57172
37 96 19008
37 98 90012
37 100 80338
38 26 49268
38 51 25335
38 76 30441
38 77 93500
38 79 56636
38 81 10483
38 83 12430
38 85 96625
38 87 25132
38 89 5953
38 91 33427
38 93 82434
38 95 6876
38 97 -1
38 99 53314
38 101 65407
39 26 48450
39 51 43664
39 76 33848
39 78 69156
39 80 21802
39 82 22900
39 84 59506
39 86 90083
39 88 8585
39 90 85793
39 92 38672
39 94 78393
39 96 43105
39 98 76445
39 100 94973
40 26 50683
40 51 58966
40 76 99550
40 77 40884
40 79 92452
40 81 20259
40 83 -1
40 85 89415
40 87 80492
40 89 39672
40 91 31278
40 93 87669
40 95 46359
40 97 90433
40 99 84740
40 101 94365
41 26 79339
41 51 30425
41 76 93748
41 78 70690
41 80 20553
41 82 18229
41 84 45581
41 86 97221
41 88 8597
41 90 98468
41 92 4555
41 94 86135
41 96 76545
41 98 82000
41 100 22052
42 26 57969
42 51 66600
42 76 35158
42 77 26633
42 79 44329
42 81 56421
42 83 71832
42 85 78301
42 87 31807
42 89 13506
42 91 1219
42 93 33516
42 95 98509
42 97 40530
42 99 27293
42 101 63641
43 1 53862
43 2 95586
43 3 97015
43 4 49261
43 5 67280
43 6 42511
43 7 55678
43 8 82135
43 9 72825
43 10 81315
43 11 47429
43 12 2258
43 13 11829
43 14 62809
43 15 5372
43 16 47019
43 17 4097
43 18 67418
43 19 60616
43 20 9292
43 21 14387
43 22 7216
43 23 54540
43 24 98283
43 25 3251
43 26 27523
43 51 25366
43 76 58982
43 78 44076
43 80 17106
43 82 6701
43 84 11315
43 86 87813
43 88 22426
43 90 11196
43 92 68380
43 94 13606
43 96 53092
43 98 8963
43 100 40990
44 26 2814
44 51 59065
44 76 88764
44 77 51294
44 79 43237
44 81 8183
44 83 98775
44 85 68868
44 87 51088
44 89 75969
44 91 59301
44 93 62840
44 95 39777
44 97 98803
44 99 33388
44 101 6393
45 26 23486
45 51 94908
45 76 74655
45 78 43583
45 80 5791
45 82 55529
45 84 66091
45 86 52022
45 88 5642
45 90 59234
45 92 83028
45 94 82781
45 96 5427
45 98 39129
45 100 40158
46 26 70088
46 51 20961
46 76 73117
46 77 58653
46 79 3413
46 81 67719
46 83 11223
46 85 41511
46 87 95872
46 89 90449
46 91 95803
46 93 68938
46 95 25970
46 97 8657
46 99 71196
46 101 84346
47 26 15416
47 51 18371
47 76 84932
47 78 33517
47 80 44887
47 82 18731
47 84 28985
47 86 11931
47 88 64651
47 90 24355
47 92 72870
47 94 -1
47 96 79670
47 98 15353
47 100 83829
48 26 69449
48 51 15151
48 52 31914
48 53 77651
48 54 51572
48 55 4025
48 56 61982
48 57 29431
48 58 97811
48 59 36297
48 60 47392
48 61 -1
48 62 38189
48 63 84802
48 64 46258
48 65 44128
48 66 18516
48 67 69553
48 68 92233
48 69 2090
48 70 12681
48 71 86209
48 72 17038
48 73 76634
48 74 63459
48 75 52627
48 76 10917
48 77 64461
48 79 58157
48 81 99547
48 83 74155
48 85 99461
48 87 53758
48 89 49062
48 91 34822
48 93 1931
48 95 52206
48 97 72230
48 99 -1
48 101 8807
49 26 83209
49 51 20652
49 76 49861
49 78 93973
49 80 25973
49 82 23879
49 84 96924
49 86 33629
49 88 84480
49 90 77239
49 92 99033
49 94 47108
49 96 40280
49 98 39691
49 100 39038
50 26 49880
50 51 52984
50 76 82036
50 77 96393
50 79 76147
50 81 11128
50 83 65378
50 85 25003
50 87 53916
50 89 66822
50 91 50166
50 93 70275
50 95 22
50 97 44347
50 99 38730
50 101 20275
51 26 15999
51 51 86460
51 76 91305
51 78 28562
51 80 39548
51 82 63882
51 84 64423
51 86 23401
51 88 24980
51 90 97003
51 92 12831
51 94 31566
51 96 18108
51 98 96453
51 100 32727

