64 64
63 23
2048
1 2 907
1 4 334
1 6 214
1 8 784
1 10 732
1 12 -1
1 14 -1
1 16 857
1 18 473
1 20 394
1 22 40
1 24 962
1 26 -1
1 28 280
1 30 678
1 32 315
1 34 685
1 36 439
1 38 421
1 40 745
1 42 92
1 44 411
1 46 993
1 48 215
1 50 -1
1 52 373
1 54 829
1 56 77
1 58 74
1 60 70
1 62 872
1 64 607
2 1 826
2 3 842
2 5 115
2 7 805
2 9 240
2 11 204
2 13 99
2 15 165
2 17 428
2 19 364
2 21 -1
2 23 793
2 25 79
2 27 820
2 29 561
2 31 330
2 33 491
2 35 157
2 37 -1
2 39 658
2 41 931
2 43 -1
2 45 134
2 47 558
2 49 716
2 51 -1
2 53 957
2 55 -1
2 57 -1
2 59 952
2 61 392
2 63 22
3 2 202
3 4 91
3 6 177
3 8 26
3 10 604
3 12 433
3 14 283
3 16 -1
3 18 482
3 20 436
3 22 245
3 24 505
3 26 -1
3 28 466
3 30 934
3 32 700
3 34 -1
3 36 901
3 38 413
3 40 522
3 42 146
3 44 833
3 46 -1
3 48 719
3 50 -1
3 52 442
3 54 428
3 56 492
3 58 509
3 60 780
3 62 461
3 64 526
4 1 538
4 3 638
4 5 826
4 7 -1
4 9 347
4 11 56
4 13 464
4 15 329
4 17 49
4 19 623
4 21 383
4 23 835
4 25 712
4 27 538
4 29 642
4 31 828
4 33 -1
4 35 660
4 37 758
4 39 53
4 41 183
4 43 75
4 45 -1
4 47 661
4 49 329
4 51 763
4 53 53
4 55 507
4 57 255
4 59 -1
4 61 -1
4 63 -1
5 2 711
5 4 348
5 6 488
5 8 23
5 10 844
5 12 265
5 14 759
5 16 506
5 18 -1
5 20 -1
5 22 235
5 24 427
5 26 -1
5 28 923
5 30 -1
5 32 -1
5 34 -1
5 36 420
5 38 132
5 40 192
5 42 854
5 44 486
5 46 628
5 48 303
5 50 706
5 52 582
5 54 319
5 56 876
5 58 -1
5 60 -1
5 62 -1
5 64 -1
6 1 577
6 3 807
6 5 801
6 7 -1
6 9 933
6 11 -1
6 13 763
6 15 647
6 17 141
6 19 928
6 21 518
6 23 560
6 25 196
6 27 383
6 29 783
6 31 77
6 33 -1
6 35 653
6 37 693
6 39 270
6 41 830
6 43 330
6 45 316
6 47 443
6 49 735
6 51 843
6 53 938
6 55 -1
6 57 388
6 59 671
6 61 798
6 63 497
7 2 733
7 4 230
7 6 -1
7 8 -1
7 10 471
7 12 168
7 14 -1
7 16 964
7 18 268
7 20 254
7 22 179
7 24 586
7 26 924
7 28 -1
7 30 299
7 32 625
7 34 -1
7 36 121
7 38 937
7 40 904
7 42 -1
7 44 -1
7 46 -1
7 48 -1
7 50 409
7 52 297
7 54 322
7 56 834
7 58 269
7 60 23
7 62 479
7 64 584
8 1 597
8 3 958
8 5 187
8 7 71
8 9 285
8 11 965
8 13 215
8 15 835
8 17 259
8 19 698
8 21 46
8 23 507
8 25 895
8 27 224
8 29 827
8 31 59
8 33 -1
8 35 -1
8 37 820
8 39 150
8 41 155
8 43 215
8 45 -1
8 47 781
8 49 832
8 51 6
8 53 805
8 55 712
8 57 91
8 59 582
8 61 -1
8 63 307
9 2 111
9 4 573
9 6 733
9 8 930
9 10 -1
9 12 84
9 14 -1
9 16 555
9 18 333
9 20 200
9 22 306
9 24 892
9 26 930
9 28 685
9 30 160
9 32 963
9 34 806
9 36 831
9 38 675
9 40 122
9 42 149
9 44 40
9 46 -1
9 48 -1
9 50 536
9 52 -1
9 54 87
9 56 256
9 58 674
9 60 234
9 62 535
9 64 -1
10 1 190
10 3 230
10 5 -1
10 7 60
10 9 304
10 11 198
10 13 827
10 15 652
10 17 20
10 19 233
10 21 547
10 23 794
10 25 975
10 27 652
10 29 71
10 31 803
10 33 728
10 35 63
10 37 637
10 39 150
10 41 153
10 43 904
10 45 708
10 47 676
10 49 504
10 51 -1
10 53 50
10 55 236
10 57 -1
10 59 55
10 61 816
10 63 393
11 2 -1
11 4 472
11 6 726
11 8 967
11 10 399
11 12 352
11 14 514
11 16 806
11 18 357
11 20 924
11 22 975
11 24 897
11 26 529
11 28 969
11 30 321
11 32 480
11 34 108
11 36 620
11 38 201
11 40 384
11 42 548
11 44 -1
11 46 -1
11 48 768
11 50 -1
11 52 -1
11 54 -1
11 56 461
11 58 416
11 60 340
11 62 665
11 64 297
12 1 516
12 3 880
12 5 202
12 7 778
12 9 383
12 11 122
12 13 615
12 15 381
12 17 976
12 19 565
12 21 27
12 23 894
12 25 161
12 27 419
12 29 428
12 31 -1
12 33 944
12 35 -1
12 37 101
12 39 990
12 41 99
12 43 297
12 45 409
12 47 428
12 49 -1
12 51 755
12 53 558
12 55 753
12 57 802
12 59 94
12 61 965
12 63 166
13 2 -1
13 4 461
13 6 -1
13 8 913
13 10 997
13 12 355
13 14 791
13 16 480
13 18 353
13 20 -1
13 22 459
13 24 603
13 26 803
13 28 -1
13 30 349
13 32 907
13 34 604
13 36 -1
13 38 451
13 40 590
13 42 148
13 44 805
13 46 -1
13 48 229
13 50 125
13 52 -1
13 54 -1
13 56 32
13 58 288
13 60 835
13 62 -1
13 64 722
14 1 233
14 3 82
14 5 658
14 7 -1
14 9 460
14 11 238
14 13 -1
14 15 83
14 17 177
14 19 301
14 21 759
14 23 796
14 25 392
14 27 875
14 29 863
14 31 709
14 33 705
14 35 990
14 37 543
14 39 -1
14 41 191
14 43 29
14 45 726
14 47 863
14 49 91
14 51 450
14 53 606
14 55 550
14 57 904
14 59 420
14 61 791
14 63 85
15 2 5
15 4 716
15 6 920
15 8 -1
15 10 462
15 12 107
15 14 601
15 16 104
15 18 464
15 20 199
15 22 557
15 24 415
15 26 263
15 28 -1
15 30 -1
15 32 134
15 34 428
15 36 472
15 38 -1
15 40 613
15 42 993
15 44 890
15 46 -1
15 48 779
15 50 -1
15 52 234
15 54 -1
15 56 -1
15 58 417
15 60 741
15 62 616
15 64 743
16 1 -1
16 3 85
16 5 828
16 7 302
16 9 669
16 11 -1
16 13 97
16 15 307
16 17 441
16 19 117
16 21 976
16 23 128
16 25 534
16 27 161
16 29 376
16 31 -1
16 33 118
16 35 -1
16 37 202
16 39 302
16 41 182
16 43 86
16 45 -1
16 47 -1
16 49 686
16 51 -1
16 53 479
16 55 635
16 57 -1
16 59 337
16 61 -1
16 63 870
17 2 129
17 4 489
17 6 -1
17 8 958
17 10 -1
17 12 -1
17 14 573
17 16 -1
17 18 106
17 20 662
17 22 314
17 24 256
17 26 713
17 28 572
17 30 473
17 32 36
17 34 196
17 36 157
17 38 104
17 40 579
17 42 955
17 44 -1
17 46 466
17 48 589
17 50 -1
17 52 -1
17 54 55
17 56 647
17 58 -1
17 60 538
17 62 212
17 64 -1
18 1 684
18 3 -1
18 5 727
18 7 360
18 9 911
18 11 879
18 13 528
18 15 464
18 17 650
18 19 967
18 21 -1
18 23 652
18 25 533
18 27 -1
18 29 11
18 31 714
18 33 648
18 35 257
18 37 180
18 39 275
18 41 569
18 43 1
18 45 729
18 47 984
18 49 -1
18 51 -1
18 53 555
18 55 380
18 57 581
18 59 102
18 61 -1
18 63 464
19 2 646
19 4 416
19 6 646
19 8 254
19 10 81
19 12 901
19 14 144
19 16 345
19 18 35
19 20 986
19 22 796
19 24 752
19 26 -1
19 28 284
19 30 -1
19 32 864
19 34 492
19 36 670
19 38 936
19 40 713
19 42 647
19 44 -1
19 46 547
19 48 827
19 50 457
19 52 632
19 54 -1
19 56 4
19 58 453
19 60 857
19 62 38
19 64 373
20 1 307
20 3 114
20 5 474
20 7 291
20 9 589
20 11 -1
20 13 920
20 15 794
20 17 432
20 19 300
20 21 948
20 23 67
20 25 643
20 27 648
20 29 210
20 31 665
20 33 980
20 35 -1
20 37 956
20 39 328
20 41 891
20 43 887
20 45 -1
20 47 721
20 49 286
20 51 968
20 53 568
20 55 776
20 57 58
20 59 806
20 61 709
20 63 378
21 2 180
21 4 253
21 6 664
21 8 787
21 10 848
21 12 -1
21 14 124
21 16 572
21 18 528
21 20 -1
21 22 465
21 24 428
21 26 276
21 28 -1
21 30 433
21 32 717
21 34 271
21 36 330
21 38 -1
21 40 789
21 42 3
21 44 -1
21 46 202
21 48 753
21 50 -1
21 52 676
21 54 101
21 56 679
21 58 393
21 60 804
21 62 295
21 64 452
22 1 881
22 3 810
22 5 931
22 7 71
22 9 -1
22 11 425
22 13 -1
22 15 978
22 17 138
22 19 199
22 21 173
22 23 -1
22 25 204
22 27 307
22 29 371
22 31 659
22 33 -1
22 35 846
22 37 82
22 39 440
22 41 794
22 43 83
22 45 -1
22 47 -1
22 49 608
22 51 -1
22 53 -1
22 55 918
22 57 558
22 59 -1
22 61 -1
22 63 645
23 2 779
23 4 194
23 6 316
23 8 937
23 10 494
23 12 520
23 14 30
23 16 146
23 18 887
23 20 -1
23 22 -1
23 24 -1
23 26 303
23 28 611
23 30 -1
23 32 52
23 34 323
23 36 692
23 38 58
23 40 909
23 42 317
23 44 590
23 46 -1
23 48 110
23 50 244
23 52 592
23 54 -1
23 56 -1
23 58 955
23 60 -1
23 62 257
23 64 678
24 1 300
24 3 385
24 5 129
24 7 75
24 9 17
24 11 263
24 13 179
24 15 494
24 17 -1
24 19 940
24 21 87
24 23 694
24 25 906
24 27 958
24 29 257
24 31 650
24 33 57
24 35 -1
24 37 30
24 39 289
24 41 100
24 43 438
24 45 341
24 47 566
24 49 8
24 51 -1
24 53 994
24 55 361
24 57 768
24 59 39
24 61 590
24 63 -1
25 2 591
25 4 242
25 6 633
25 8 -1
25 10 273
25 12 334
25 14 -1
25 16 48
25 18 -1
25 20 -1
25 22 456
25 24 194
25 26 132
25 28 294
25 30 -1
25 32 912
25 34 57
25 36 208
25 38 -1
25 40 331
25 42 116
25 44 458
25 46 588
25 48 35
25 50 699
25 52 490
25 54 398
25 56 968
25 58 583
25 60 453
25 62 974
25 64 787
26 1 490
26 3 447
26 5 83
26 7 566
26 9 92
26 11 899
26 13 558
26 15 899
26 17 367
26 19 -1
26 21 764
26 23 406
26 25 619
26 27 160
26 29 534
26 31 -1
26 33 421
26 35 624
26 37 517
26 39 -1
26 41 -1
26 43 255
26 45 809
26 47 116
26 49 438
26 51 975
26 53 754
26 55 919
26 57 169
26 59 113
26 61 785
26 63 911
27 2 943
27 4 514
27 6 549
27 8 976
27 10 -1
27 12 583
27 14 625
27 16 96
27 18 -1
27 20 462
27 22 679
27 24 729
27 26 708
27 28 -1
27 30 820
27 32 359
27 34 888
27 36 425
27 38 600
27 40 470
27 42 670
27 44 798
27 46 -1
27 48 775
27 50 792
27 52 566
27 54 786
27 56 819
27 58 -1
27 60 878
27 62 -1
27 64 698
28 1 126
28 3 978
28 5 251
28 7 515
28 9 368
28 11 967
28 13 646
28 15 -1
28 17 772
28 19 570
28 21 178
28 23 674
28 25 992
28 27 -1
28 29 870
28 31 -1
28 33 -1
28 35 743
28 37 745
28 39 478
28 41 619
28 43 644
28 45 840
28 47 69
28 49 -1
28 51 848
28 53 791
28 55 849
28 57 591
28 59 -1
28 61 582
28 63 -1
29 2 451
29 4 848
29 6 862
29 8 466
29 10 -1
29 12 165
29 14 583
29 16 889
29 18 770
29 20 259
29 22 156
29 24 91
29 26 -1
29 28 411
29 30 590
29 32 96
29 34 266
29 36 472
29 38 619
29 40 227
29 42 266
29 44 600
29 46 -1
29 48 408
29 50 173
29 52 -1
29 54 431
29 56 -1
29 58 650
29 60 796
29 62 329
29 64 -1
30 1 832
30 3 -1
30 5 449
30 7 483
30 9 626
30 11 491
30 13 432
30 15 661
30 17 410
30 19 7
30 21 948
30 23 -1
30 25 -1
30 27 595
30 29 47
30 31 731
30 33 404
30 35 558
30 37 400
30 39 872
30 41 271
30 43 48
30 45 910
30 47 -1
30 49 923
30 51 182
30 53 -1
30 55 763
30 57 160
30 59 769
30 61 141
30 63 199
31 2 -1
31 4 602
31 6 451
31 8 659
31 10 689
31 12 79
31 14 291
31 16 799
31 18 963
31 20 552
31 22 767
31 24 906
31 26 -1
31 28 385
31 30 957
31 32 695
31 34 99
31 36 109
31 38 390
31 40 720
31 42 615
31 44 628
31 46 -1
31 48 -1
31 50 302
31 52 133
31 54 279
31 56 141
31 58 533
31 60 470
31 62 779
31 64 145
32 1 -1
32 3 244
32 5 744
32 7 -1
32 9 22
32 11 351
32 13 987
32 15 139
32 17 -1
32 19 792
32 21 281
32 23 893
32 25 306
32 27 440
32 29 684
32 31 336
32 33 -1
32 35 160
32 37 448
32 39 192
32 41 -1
32 43 213
32 45 779
32 47 -1
32 49 109
32 51 355
32 53 481
32 55 889
32 57 213
32 59 304
32 61 -1
32 63 861
33 2 296
33 4 922
33 6 59
33 8 300
33 10 560
33 12 -1
33 14 124
33 16 541
33 18 998
33 20 -1
33 22 -1
33 24 906
33 26 24
33 28 139
33 30 -1
33 32 794
33 34 -1
33 36 6
33 38 528
33 40 -1
33 42 379
33 44 765
33 46 649
33 48 785
33 50 -1
33 52 668
33 54 770
33 56 599
33 58 73
33 60 626
33 62 2
33 64 684
34 1 909
34 3 527
34 5 172
34 7 819
34 9 784
34 11 980
34 13 -1
34 15 655
34 17 193
34 19 970
34 21 576
34 23 -1
34 25 -1
34 27 -1
34 29 949
34 31 507
34 33 449
34 35 596
34 37 592
34 39 623
34 41 879
34 43 330
34 45 575
34 47 179
34 49 -1
34 51 481
34 53 121
34 55 395
34 57 788
34 59 404
34 61 436
34 63 57
35 2 537
35 4 684
35 6 542
35 8 516
35 10 -1
35 12 -1
35 14 986
35 16 236
35 18 283
35 20 313
35 22 845
35 24 212
35 26 481
35 28 78
35 30 900
35 32 973
35 34 953
35 36 258
35 38 755
35 40 496
35 42 -1
35 44 234
35 46 792
35 48 166
35 50 620
35 52 454
35 54 305
35 56 945
35 58 719
35 60 325
35 62 -1
35 64 -1
36 1 928
36 3 846
36 5 463
36 7 543
36 9 681
36 11 420
36 13 94
36 15 604
36 17 -1
36 19 575
36 21 156
36 23 376
36 25 252
36 27 465
36 29 948
36 31 443
36 33 698
36 35 686
36 37 759
36 39 28
36 41 -1
36 43 544
36 45 170
36 47 57
36 49 600
36 51 -1
36 53 319
36 55 6
36 57 -1
36 59 257
36 61 -1
36 63 154
37 2 247
37 4 808
37 6 244
37 8 430
37 10 68
37 12 77
37 14 704
37 16 -1
37 18 693
37 20 968
37 22 737
37 24 962
37 26 23
37 28 719
37 30 -1
37 32 194
37 34 642
37 36 -1
37 38 801
37 40 326
37 42 517
37 44 65
37 46 -1
37 48 -1
37 50 -1
37 52 -1
37 54 -1
37 56 73
37 58 845
37 60 40
37 62 677
37 64 -1
38 1 35
38 3 -1
38 5 62
38 7 -1
38 9 55
38 11 -1
38 13 -1
38 15 536
38 17 -1
38 19 404
38 21 -1
38 23 81
38 25 -1
38 27 461
38 29 -1
38 31 533
38 33 -1
38 35 -1
38 37 -1
38 39 589
38 41 253
38 43 -1
38 45 69
38 47 75
38 49 -1
38 51 130
38 53 123
38 55 414
38 57 189
38 59 618
38 61 897
38 63 759
39 2 -1
39 4 -1
39 6 241
39 8 -1
39 10 840
39 12 957
39 14 556
39 16 481
39 18 172
39 20 53
39 22 36
39 24 38
39 26 695
39 28 560
39 30 890
39 32 -1
39 34 700
39 36 821
39 38 415
39 40 119
39 42 605
39 44 739
39 46 328
39 48 903
39 50 393
39 52 355
39 54 -1
39 56 285
39 58 217
39 60 -1
39 62 776
39 64 507
40 1 306
40 3 917
40 5 880
40 7 890
40 9 762
40 11 -1
40 13 853
40 15 98
40 17 523
40 19 467
40 21 -1
40 23 -1
40 25 529
40 27 119
40 29 722
40 31 224
40 33 594
40 35 -1
40 37 -1
40 39 284
40 41 679
40 43 291
40 45 728
40 47 -1
40 49 -1
40 51 756
40 53 654
40 55 1000
40 57 962
40 59 893
40 61 849
40 63 938
41 2 451
41 4 188
41 6 880
41 8 195
41 10 864
41 12 -1
41 14 506
41 16 -1
41 18 994
41 20 -1
41 22 749
41 24 793
41 26 352
41 28 693
41 30 509
41 32 658
41 34 176
41 36 26
41 38 118
41 40 -1
41 42 581
41 44 83
41 46 -1
41 48 563
41 50 -1
41 52 771
41 54 199
41 56 44
41 58 407
41 60 903
41 62 466
41 64 531
42 1 721
42 3 527
42 5 779
42 7 416
42 9 486
42 11 169
42 13 441
42 15 483
42 17 -1
42 19 253
42 21 4
42 23 728
42 25 -1
42 27 501
42 29 -1
42 31 967
42 33 826
42 35 591
42 37 196
42 39 61
42 41 -1
42 43 261
42 45 -1
42 47 -1
42 49 167
42 51 -1
42 53 649
42 55 -1
42 57 253
42 59 598
42 61 -1
42 63 503
43 2 154
43 4 -1
43 6 120
43 8 569
43 10 828
43 12 336
43 14 559
43 16 428
43 18 47
43 20 952
43 22 932
43 24 565
43 26 -1
43 28 -1
43 30 747
43 32 641
43 34 139
43 36 553
43 38 128
43 40 -1
43 42 696
43 44 568
43 46 147
43 48 104
43 50 767
43 52 993
43 54 579
43 56 186
43 58 122
43 60 358
43 62 458
43 64 931
44 1 483
44 3 761
44 5 -1
44 7 -1
44 9 376
44 11 595
44 13 386
44 15 634
44 17 -1
44 19 753
44 21 31
44 23 398
44 25 840
44 27 414
44 29 -1
44 31 -1
44 33 8
44 35 987
44 37 253
44 39 -1
44 41 -1
44 43 -1
44 45 759
44 47 -1
44 49 705
44 51 729
44 53 598
44 55 187
44 57 -1
44 59 569
44 61 435
44 63 196
45 2 922
45 4 632
45 6 753
45 8 -1
45 10 968
45 12 -1
45 14 -1
45 16 -1
45 18 470
45 20 265
45 22 -1
45 24 229
45 26 553
45 28 -1
45 30 91
45 32 498
45 34 180
45 36 519
45 38 -1
45 40 -1
45 42 472
45 44 769
45 46 521
45 48 191
45 50 754
45 52 177
45 54 185
45 56 35
45 58 670
45 60 845
45 62 35
45 64 23
46 1 945
46 3 815
46 5 -1
46 7 -1
46 9 607
46 11 72
46 13 326
46 15 -1
46 17 516
46 19 -1
46 21 1000
46 23 490
46 25 790
46 27 -1
46 29 811
46 31 -1
46 33 658
46 35 958
46 37 -1
46 39 903
46 41 -1
46 43 718
46 45 -1
46 47 676
46 49 906
46 51 -1
46 53 850
46 55 457
46 57 182
46 59 723
46 61 344
46 63 546
47 2 674
47 4 843
47 6 -1
47 8 152
47 10 251
47 12 243
47 14 123
47 16 969
47 18 -1
47 20 -1
47 22 905
47 24 427
47 26 -1
47 28 801
47 30 575
47 32 376
47 34 386
47 36 792
47 38 -1
47 40 986
47 42 504
47 44 398
47 46 191
47 48 591
47 50 748
47 52 -1
47 54 118
47 56 720
47 58 915
47 60 195
47 62 595
47 64 237
48 1 742
48 3 595
48 5 680
48 7 519
48 9 420
48 11 818
48 13 -1
48 15 810
48 17 215
48 19 378
48 21 26
48 23 -1
48 25 453
48 27 343
48 29 495
48 31 471
48 33 611
48 35 705
48 37 745
48 39 770
48 41 156
48 43 -1
48 45 325
48 47 -1
48 49 134
48 51 34
48 53 262
48 55 67
48 57 868
48 59 260
48 61 222
48 63 -1
49 2 45
49 4 462
49 6 246
49 8 352
49 10 139
49 12 489
49 14 587
49 16 97
49 18 299
49 20 143
49 22 594
49 24 -1
49 26 73
49 28 982
49 30 690
49 32 438
49 34 -1
49 36 978
49 38 855
49 40 723
49 42 556
49 44 524
49 46 540
49 48 210
49 50 220
49 52 968
49 54 200
49 56 622
49 58 986
49 60 940
49 62 439
49 64 -1
50 1 330
50 3 788
50 5 -1
50 7 11
50 9 507
50 11 -1
50 13 30
50 15 -1
50 17 844
50 19 496
50 21 383
50 23 776
50 25 729
50 27 892
50 29 -1
50 31 832
50 33 -1
50 35 326
50 37 266
50 39 333
50 41 -1
50 43 -1
50 45 56
50 47 612
50 49 607
50 51 533
50 53 -1
50 55 28
50 57 -1
50 59 843
50 61 116
50 63 390
51 2 989
51 4 190
51 6 -1
51 8 516
51 10 -1
51 12 287
51 14 389
51 16 350
51 18 231
51 20 -1
51 22 837
51 24 704
51 26 390
51 28 152
51 30 926
51 32 38
51 34 885
51 36 837
51 38 234
51 40 947
51 42 882
51 44 739
51 46 127
51 48 238
51 50 326
51 52 742
51 54 140
51 56 801
51 58 529
51 60 452
51 62 799
51 64 6
52 1 885
52 3 -1
52 5 471
52 7 456
52 9 338
52 11 -1
52 13 227
52 15 -1
52 17 816
52 19 83
52 21 337
52 23 858
52 25 -1
52 27 738
52 29 -1
52 31 -1
52 33 819
52 35 30
52 37 590
52 39 18
52 41 -1
52 43 474
52 45 11
52 47 101
52 49 742
52 51 132
52 53 664
52 55 275
52 57 162
52 59 485
52 61 221
52 63 315
53 2 -1
53 4 869
53 6 492
53 8 408
53 10 909
53 12 687
53 14 858
53 16 915
53 18 295
53 20 364
53 22 -1
53 24 930
53 26 -1
53 28 91
53 30 833
53 32 -1
53 34 682
53 36 294
53 38 -1
53 40 436
53 42 697
53 44 54
53 46 691
53 48 419
53 50 646
53 52 132
53 54 668
53 56 144
53 58 776
53 60 718
53 62 -1
53 64 902
54 1 -1
54 3 584
54 5 815
54 7 477
54 9 125
54 11 797
54 13 130
54 15 -1
54 17 548
54 19 620
54 21 221
54 23 900
54 25 703
54 27 195
54 29 337
54 31 663
54 33 984
54 35 822
54 37 998
54 39 49
54 41 582
54 43 748
54 45 54
54 47 86
54 49 324
54 51 834
54 53 -1
54 55 -1
54 57 963
54 59 704
54 61 -1
54 63 -1
55 2 922
55 4 631
55 6 -1
55 8 -1
55 10 -1
55 12 541
55 14 229
55 16 490
55 18 -1
55 20 954
55 22 -1
55 24 39
55 26 499
55 28 993
55 30 713
55 32 709
55 34 485
55 36 81
55 38 491
55 40 507
55 42 -1
55 44 -1
55 46 -1
55 48 876
55 50 157
55 52 59
55 54 -1
55 56 364
55 58 131
55 60 676
55 62 850
55 64 -1
56 1 914
56 3 -1
56 5 297
56 7 652
56 9 161
56 11 522
56 13 889
56 15 976
56 17 85
56 19 973
56 21 -1
56 23 -1
56 25 759
56 27 -1
56 29 889
56 31 -1
56 33 870
56 35 844
56 37 -1
56 39 644
56 41 484
56 43 681
56 45 -1
56 47 -1
56 49 87
56 51 63
56 53 -1
56 55 -1
56 57 380
56 59 203
56 61 931
56 63 941
57 2 632
57 4 321
57 6 -1
57 8 595
57 10 997
57 12 -1
57 14 26
57 16 573
57 18 830
57 20 880
57 22 469
57 24 563
57 26 172
57 28 877
57 30 476
57 32 209
57 34 760
57 36 949
57 38 999
57 40 26
57 42 -1
57 44 807
57 46 -1
57 48 -1
57 50 218
57 52 605
57 54 309
57 56 49
57 58 786
57 60 -1
57 62 -1
57 64 529
58 1 -1
58 3 688
58 5 322
58 7 601
58 9 878
58 11 972
58 13 952
58 15 62
58 17 393
58 19 167
58 21 -1
58 23 748
58 25 312
58 27 435
58 29 449
58 31 528
58 33 -1
58 35 82
58 37 817
58 39 462
58 41 -1
58 43 -1
58 45 -1
58 47 996
58 49 -1
58 51 665
58 53 621
58 55 -1
58 57 -1
58 59 583
58 61 535
58 63 597
59 2 851
59 4 -1
59 6 409
59 8 107
59 10 653
59 12 985
59 14 -1
59 16 754
59 18 -1
59 20 826
59 22 573
59 24 -1
59 26 -1
59 28 470
59 30 424
59 32 433
59 34 143
59 36 -1
59 38 177
59 40 349
59 42 459
59 44 -1
59 46 627
59 48 238
59 50 332
59 52 69
59 54 799
59 56 541
59 58 744
59 60 302
59 62 834
59 64 174
60 1 786
60 3 466
60 5 844
60 7 790
60 9 975
60 11 617
60 13 339
60 15 916
60 17 730
60 19 -1
60 21 528
60 23 677
60 25 326
60 27 552
60 29 197
60 31 -1
60 33 814
60 35 -1
60 37 632
60 39 574
60 41 -1
60 43 427
60 45 58
60 47 74
60 49 601
60 51 769
60 53 -1
60 55 905
60 57 907
60 59 -1
60 61 -1
60 63 -1
61 2 363
61 4 141
61 6 888
61 8 404
61 10 937
61 12 896
61 14 253
61 16 556
61 18 69
61 20 57
61 22 -1
61 24 -1
61 26 704
61 28 730
61 30 553
61 32 76
61 34 607
61 36 961
61 38 780
61 40 757
61 42 170
61 44 -1
61 46 65
61 48 45
61 50 684
61 52 807
61 54 -1
61 56 180
61 58 588
61 60 -1
61 62 -1
61 64 148
62 1 332
62 3 -1
62 5 290
62 7 279
62 9 440
62 11 849
62 13 1000
62 15 118
62 17 -1
62 19 -1
62 21 155
62 23 -1
62 25 313
62 27 334
62 29 704
62 31 727
62 33 941
62 35 -1
62 37 624
62 39 129
62 41 757
62 43 358
62 45 237
62 47 874
62 49 98
62 51 -1
62 53 -1
62 55 857
62 57 229
62 59 823
62 61 761
62 63 3
63 2 -1
63 4 336
63 6 267
63 8 301
63 10 979
63 12 -1
63 14 738
63 16 371
63 18 480
63 20 -1
63 22 930
63 24 918
63 26 796
63 28 980
63 30 -1
63 32 279
63 34 269
63 36 720
63 38 320
63 40 281
63 42 50
63 44 796
63 46 818
63 48 -1
63 50 188
63 52 73
63 54 -1
63 56 2
63 58 42
63 60 221
63 62 -1
63 64 -1
64 1 71
64 3 482
64 5 698
64 7 705
64 9 950
64 11 834
64 13 332
64 15 318
64 17 866
64 19 688
64 21 631
64 23 -1
64 25 985
64 27 944
64 29 467
64 31 -1
64 33 262
64 35 941
64 37 878
64 39 296
64 41 6
64 43 919
64 45 948
64 47 -1
64 49 265
64 51 388
64 53 789
64 55 -1
64 57 963
64 59 142
64 61 309
64 63 28

