43 52
29 50 A6 37 41
130
1 18 6
1 35 10
1 42 1
2 18 7
2 35 10
2 43 8
3 18 5
3 35 5
3 44 3
4 18 6
4 35 10
4 45 -1
5 18 4
5 35 2
5 46 6
6 18 2
6 35 1
6 47 6
7 18 2
7 35 8
7 48 9
8 18 3
8 35 7
8 49 2
9 18 2
9 35 6
9 50 10
10 18 5
10 35 5
10 51 7
11 18 9
11 35 7
11 52 5
12 18 6
12 35 3
13 18 7
13 35 3
14 18 3
14 35 5
15 18 7
15 35 1
16 18 3
16 35 9
17 18 3
17 35 3
18 18 6
18 35 6
19 18 5
19 35 6
19 52 5
20 18 8
20 35 5
20 51 1
21 18 9
21 35 5
21 50 7
22 18 8
22 35 2
22 49 10
23 18 6
23 35 9
23 48 7
24 18 4
24 35 3
24 47 8
25 18 1
25 35 4
25 46 5
26 18 3
26 35 1
26 45 6
27 18 5
27 35 5
27 44 7
28 18 10
28 35 1
28 43 10
29 18 2
29 35 5
29 42 9
30 18 7
30 35 9
30 41 9
31 18 2
31 35 6
31 40 10
32 18 9
32 35 5
32 39 1
33 18 5
33 35 10
33 38 5
34 18 8
34 35 1
34 37 8
35 18 6
35 35 6
35 36 4
35 52 7
36 18 8
36 35 4
36 51 5
37 18 2
37 34 3
37 35 1
37 50 8
38 18 8
38 33 1
38 35 5
38 49 9
39 18 10
39 32 3
39 35 10
39 48 4
40 18 3
40 31 9
40 35 9
40 47 10
41 18 4
41 30 5
41 35 9
41 46 10
42 18 1
42 29 3
42 35 9
42 45 6
43 18 10
43 28 5
43 35 3
43 44 4

43 52
29 50 A6 -1 41
130
1 18 6
1 35 10
1 42 1
2 18 7
2 35 10
2 43 8
3 18 5
3 35 5
3 44 3
4 18 6
4 35 10
4 45 -1
5 18 4
5 35 2
5 46 6
6 18 2
6 35 1
6 47 6
7 18 2
7 35 8
7 48 9
8 18 3
8 35 7
8 49 2
9 18 2
9 35 6
9 50 10
10 18 5
10 35 5
10 51 7
11 18 9
11 35 7
11 52 5
12 18 6
12 35 3
13 18 7
13 35 3
14 18 3
14 35 5
15 18 7
15 35 1
16 18 3
16 35 9
17 18 3
17 35 3
18 18 6
18 35 6
19 18 5
19 35 6
19 52 5
20 18 8
20 35 5
20 51 1
21 18 9
21 35 5
21 50 7
22 18 8
22 35 2
22 49 10
23 18 6
23 35 9
23 48 7
24 18 4
24 35 3
24 47 8
25 18 1
25 35 4
25 46 5
26 18 3
26 35 1
26 45 6
27 18 5
27 35 5
27 44 7
28 18 10
28 35 1
28 43 10
29 18 2
29 35 5
29 42 9
30 18 7
30 35 9
30 41 9
31 18 2
31 35 6
31 40 10
32 18 9
32 35 5
32 39 1
33 18 5
33 35 10
33 38 5
34 18 8
34 35 1
34 37 8
35 18 6
35 35 6
35 36 4
35 52 7
36 18 8
36 35 4
36 51 5
37 18 2
37 34 3
37 35 1
37 50 8
38 18 8
38 33 1
38 35 5
38 49 9
39 18 10
39 32 3
39 35 10
39 48 4
40 18 3
40 31 9
40 35 9
40 47 10
41 18 4
41 30 5
41 35 9
41 46 10
42 18 1
42 29 3
42 35 9
42 45 6
43 18 10
43 28 5
43 35 3
43 44 4

43 52
29 50 A1
130
1 18 6
1 35 10
1 42 1
2 18 7
2 35 10
2 43 8
3 18 5
3 35 5
3 44 3
4 18 6
4 35 10
4 45 -1
5 18 4
5 35 2
5 46 6
6 18 2
6 35 1
6 47 6
7 18 2
7 35 8
7 48 9
8 18 3
8 35 7
8 49 2
9 18 2
9 35 6
9 50 10
10 18 5
10 35 5
10 51 7
11 18 9
11 35 7
11 52 5
12 18 6
12 35 3
13 18 7
13 35 3
14 18 3
14 35 5
15 18 7
15 35 1
16 18 3
16 35 9
17 18 3
17 35 3
18 18 6
18 35 6
19 18 5
19 35 6
19 52 5
20 18 8
20 35 5
20 51 1
21 18 9
21 35 5
21 50 7
22 18 8
22 35 2
22 49 10
23 18 6
23 35 9
23 48 7
24 18 4
24 35 3
24 47 8
25 18 1
25 35 4
25 46 5
26 18 3
26 35 1
26 45 6
27 18 5
27 35 5
27 44 7
28 18 10
28 35 1
28 43 10
29 18 2
29 35 5
29 42 9
30 18 7
30 35 9
30 41 9
31 18 2
31 35 6
31 40 10
32 18 9
32 35 5
32 39 1
33 18 5
33 35 10
33 38 5
34 18 8
34 35 1
34 37 8
35 18 6
35 35 6
35 36 4
35 52 7
36 18 8
36 35 4
36 51 5
37 18 2
37 34 3
37 35 1
37 50 8
38 18 8
38 33 1
38 35 5
38 49 9
39 18 10
39 32 3
39 35 10
39 48 4
40 18 3
40 31 9
40 35 9
40 47 10
41 18 4
41 30 5
41 35 9
41 46 10
42 18 1
42 29 3
42 35 9
42 45 6
43 18 10
43 28 5
43 35 3
43 44 4

